1 0
2 1
3 1
4 3
5 2
6 1
7 0
8 7
9 5
10 3
11 1
12 11
13 10
14 9
15 8
16 7
17 5
18 3
19 1
20 19
21 18
22 17
23 16
24 7
25 5
26 3
27 1
28 27
29 26
30 25
31 24
32 7
33 5
34 3
35 1
36 35
37 34
38 33
39 32
40 7
41 5
42 3
43 1
44 43
45 42
46 41
47 40
48 7
49 5
50 3
51 1
52 51
53 50
54 49
55 48
56 7
57 5
58 3
59 1
60 59
61 58
62 57
63 56
64 7
65 5
66 3
67 1
68 67
69 66
70 65
71 64
72 7
73 5
74 3
75 1
76 75
77 74
78 73
79 72
80 7
81 5
82 3
83 1
84 83
85 82
86 81
87 80
88 7
89 5
90 3
91 1
92 91
93 90
94 89
95 88
96 7
97 5
98 3
99 1
100 99
101 98
102 97
103 96
104 7
105 5
106 3
107 1
108 107
109 106
110 105
111 104
112 7
113 5
114 3
115 1
116 115
117 114
118 113
119 112
120 7
121 5
122 3
123 1
124 123
125 122
126 121
127 120
128 7
129 5
130 3
131 1
132 131
133 130
134 129
135 128
136 7
137 5
138 3
139 1
140 139
141 138
142 137
143 136
144 7
145 5
146 3
147 1
148 147
149 146
150 145
151 144
152 7
153 5
154 3
155 1
156 155
157 154
158 153
159 152
160 7
161 5
162 3
163 1
164 163
165 162
166 161
167 160
168 7
169 5
170 3
171 1
172 171
173 170
174 169
175 168
176 7
177 5
178 3
179 1
180 179
181 178
182 177
183 176
184 7
185 5
186 3
187 1
188 187
189 186
190 185
191 184
192 7
193 5
194 3
195 1
196 195
197 194
198 193
199 192
200 7
201 5
202 3
203 1
204 203
205 202
206 201
207 200
208 7
209 5
210 3
211 1
212 211
213 210
214 209
215 208
216 7
217 5
218 3
219 1
220 219
221 218
222 217
223 216
224 7
225 5
226 3
227 1
228 227
229 226
230 225
231 224
232 7
233 5
234 3
235 1
236 235
237 234
238 233
239 232
240 7
241 5
242 3
243 1
244 243
245 242
246 241
247 240
248 7
249 5
250 3
251 1
252 251
253 250
254 249
255 248
0 1 2 3 5 7 8 9 10 11 16 17 18 19 24 25 26 27 32 33 34 35 40 41 42 43 48 49 50 51 56 57 58 59 64 65 66 67 72 73 74 75 80 81 82 83 88 89 90 91 96 97 98 99 104 105 106 107 112 113 114 115 120 121 122 123 128 129 130 131 136 137 138 139 144 145 146 147 152 153 154 155 160 161 162 163 168 169 170 171 176 177 178 179 184 185 186 187 192 193 194 195 200 201 202 203 208 209 210 211 216 217 218 219 224 225 226 227 232 233 234 235 240 241 242 243 248 249 250 251 
