000000000001001111
000000000010111010
010000000100001110
010000000100100000
010000000100111011
010000000101111000
010000000110000011
010000000111000010
010000000111100011
010000000111101100
010000000111101111
100010010000000011
100010010000001101
100010010000111011
100010010001110100
100010010001110111
100010010011010001
100010010011010101
100010010011100001
100010010011101110
110010010100000010
110010010100000101
110010010101001101
110010010101010010
110010010110011001
110010010110111000
110010010111010110
