0
9780973424
12378799869
11577298245
15004276908
11521931810
14276890645
11480953892
9345425402
10509831049
7997821203
11521931810
8211490312
14442625694
15765573911
15457213986
15728161277
13745750214
11556062702
15054217968
18640614752
7036594815
14143166065
7983012967
10867686435
15146225952
8829659125
8489637638
17172962577
14281329548
11591117572
14004477412
13947475615
9780973424
11237861685
13251361483
11827186727
15460388395
17987421493
15555319802
10165416534
11811604639
15788511621
12733389540
15135695269
12825842149
5461491346
8905803369
12733389540
15494318096
9553389506
6352395724
15967752797
13135571188
13460260079
8842309310
17864620369
16527935436
12930320286
8726731507
3096583722
14959737780
9922034977
17987421493
16309548428
10895646618
12558695416
11445525328
18210845469
12516507901
9537745898
19042363269
12624564127
10854266958
10024623338
13455946131
15555319802
17903881359
15533551685
12080627058
10723686870
12842894678
12825842149
11146585829
13331946611
11686481381
9153097417
9310994153
15668165175
14569470887
9022914819
14572849478
18308787625
10827744412
9750994430
14778730556
12653153359
14521410431
4248039404
12123598196
15477578713
12116650231
3697084888
7322560966
22266911753
20589609144
12350737690
22151844975
5532500828
9666664456
16548640756
14004477412
14772394364
18610076489
11617205978
6964338997
13977570002
15206473200
17252765952
11798409282
11151054488
12728994645
12372848382
8875922777
7738280394
11446609169
10299526636
25998123666
9666664456
8320488742
11340275174
7036369339
17662779743
15613996182
9520389335
12708672356
12038181093
9527893952
12633899311
7328612728
9133588869
14064483255
8518374498
11736092939
13192594337
16125506426
11902123382
16802617110
18392200619
11461196632
11891017286
13732940652
16596915172
11365096381
11959217562
11135198050
13325342204
7461467271
11763596881
13952901513
15501429534
11185472219
8518374498
7328612728
10450446495
7036369339
10517628496
22263829489
9061445495
10142036253
5835633440
16973431380
11917195287
10825793113
9780973424
7983012967
5978614810
14952227815
9716436596
15457213986
17705376149
15619121518
14832718040
15166452859
11408006825
9005374087
8391687380
3871139461
9962512492
12724742708
15008124993
9176966147
8564771237
14043177273
14566044714
11883774183
12593613748
14325522645
13838039469
11340275174
11663503665
12971096594
16642697231
17113653477
8086560769
9527893952
9162771160
11360123019
10610273857
6776040748
9738389272
17293535915
9962512492
10958677191
15954711220
10352988675
13727607416
15102255462
15364718839
14589408593
7738280394
11178888954
10928379748
14517691137
16539788804
13130107801
3251464481
15363183585
10085501591
12017149432
19665682893
18049848148
17817510324
16467768592
12558471059
9942688024
14552589962
16706410756
15632992265
12377436458
9284918363
14484142533
11591217741
14854800962
12234243601
17727901710
13346536480
11151054488
12632482220
16265513126
11448191810
15976731659
8507489061
10012896622
4604532710
20091355137
14244329870
9098401623
14566391747
15078814592
8706156974
16310619302
10299526636
12155776398
13889811951
18419285721
12378799869
11420853437
10332649577
6268641469
11795097847
11410912226
11277031283
15400326101
15397804312
18286190238
15744428082
12558471059
14589408593
16584981610
13562057129
16283640682
9520389335
12181077752
11466963586
18181476049
14788655126
10178002417
6383021289
12768444561
15117146139
9962512492
15841695725
11631150078
14172620583
16452995797
16974127067
16151621759
9482543112
4502235381
5161409184
13714613102
10960824605
9931195488
9422552421
10928379748
11178888954
18474537949
10601465023
14458035569
12351168972
13908748063
9153097417
8499681768
13023531266
11409854617
7176342993
6406704576
8286756734
9817958990
11891017286
12634117605
12026353755
18016788280
17697606968
11805617407
13994475275
14696444975
12544137366
13455946131
14111366413
17530214578
14655158666
13562057129
8489637638
7036369339
12046462492
15412108174
11965842149
8576022333
10332649577
7772041591
14324654075
12066239059
13832980585
14333212241
16674669773
16048953275
11501624721
13231340642
10482551836
20510896667
9419845167
14589408593
13745962740
14572480936
15247657192
7654885902
12950659880
13824290625
9809030385
14772394364
5532500828
8829659125
8763478371
14839036152
13532806752
15709689229
8819822218
14369543924
8409987374
11827186727
6829832732
5523247087
14399703671
2424226516
6752759845
11045221102
18147660786
19804205678
19124777176
7461467271
8296004813
13460260079
9005374087
15078814592
11772167816
11843591467
13460396740
12003502113
12133858342
10078513600
9520389335
14823755970
15311324441
13683129468
11891017286
14111366413
12048388614
12539568907
8791512204
15910905830
12772402499
12768444561
6203306019
12103780004
10137730629
14976773112
14570252939
14800565267
7997821203
10517628496
14414942701
9816591594
11497773912
6964338997
11973274256
12733389540
8296004813
14460451682
14578933015
8020853075
14324654075
7788403511
5161409184
12378799869
15629095699
10872424556
17474522288
12544137366
11963187054
16865681976
14830287205
7983012967
5545311627
10332649577
18626041859
8336621276
14013480053
4535061195
13972772594
15823334240
12688449830
14000306193
11501624721
12444539036
7944523736
14166104042
11810964767
19213197189
12651283266
789454344
5532500828
12308101842
15123108015
14999565578
11836129273
15275077148
12536061747
11553821722
6838777917
14660270817
9452759178
3733754024
15398721287
7983012967
11340275174
14386487068
12651283266
14921472930
14734931139
12155776398
3096583722
15733357741
7036369339
14266109610
7328612728
7176342993
9889235450
12005409487
5395790760
11625634020
8934410548
17551710097
11663503665
13871904053
8406595553
11834901098
12611114481
15052178058
11962342087
11083613441
15570613958
6687320609
10024623338
12184902189
14627053565
4502235381
12784878204
14470668796
9284918363
13733240567
11448191810
14493489381
17891395312
14403129061
17774812586
5855259554
16265513126
12225006229
12653153359
10668367209
14627053565
14799457788
11998287321
15573233233
13943823707
5978614810
15304351269
10535849785
14586939907
15793558418
15530262076
17257181165
15832428449
14255039575
6406704576
14064483255
13832980585
8521752029
9872181254
16527935436
19015941518
11788773484
9369380127
16527935436
13008491628
7701889533
15974597461
5161409184
15415587352
13654709459
8333054554
12994661566
17386147834
10841557688
12568035275
9466350363
15012535134
10130037558
14209090552
12724742708
12267321657
13341914032
14499042160
14797311286
15701062038
15188246245
6172571096
8499681768
11740299291
16130577005
12117286160
15152493083
14182584467
6009226444
11117185611
5161409184
13331946611
10203559085
11675249692
12632482220
14635157928
11445525328
6203306019
14972028280
12471032528
15024355475
15226676734
14111366413
5545311627
8336621276
9169732832
789454344
10299526636
8521752029
18284297811
13562057129
11466963586
8907576889
10299526636
12509930471
8610379100
6838777917
11553821722
4535061195
16899817765
12994661566
12618692352
9176966147
4248039404
15124693301
12372848382
13852414148
13417465311
11178588632
10610273857
9716436596
13348094324
14552589962
17792360932
4502235381
13973829167
20484765195
12117286160
13903159693
10972917122
14000306193
16712508993
14902502925
8320488742
6829832732
8507489061
11106144084
15014106805
8802942784
8220094466
15305133396
7403580641
17947264257
8569649127
10978189306
10958677191
14282983946
18386120655
13890602892
13012277389
15907538060
14431702651
10960824605
10773645153
11836129273
16911891628
13886526592
15117663411
8564771237
11410912226
8600540652
15315367394
13192594337
13825277819
14972028280
14135701988
13341914032
15305133396
11631150078
6223508169
14821119052
14472263256
12697212430
14470668796
14399703671
15299069562
15607155565
13824290625
8726731507
15765369960
11963187054
13343868310
12634117605
11736092939
11886195668
3697084888
12234243601
11944228054
14484867858
18727250676
13886526592
13014592463
8339993207
19914596352
15493149804
8949198501
11231350453
13328402367
16876603277
7833647199
7403580641
22613678701
12438506583
10078513600
7701889533
16313917606
9061445495
7997821203
10012896622
12542429942
10718098030
6752759845
9005374087
7738280394
14004477412
6693394098
4502235381
15061243491
4248039404
14915708397
11804675932
12133858342
12535129608
12372848382
6268641469
14769097390
12825842149
13369470416
14772394364
11834901098
13809335857
11329807228
5281655493
16282682211
14636280582
13739572597
15033145587
13369470416
13947475615
13378247420
11277031283
14913632660
13714613102
13615550850
15073681567
10352988675
11698622045
12971096594
14504259229
14770971970
7944523736
15825951594
14999565578
10601465023
17536662578
13838039469
8791512204
12979767996
14838859855
15052178058
22982953708
8872235818
6218532067
11578374874
11973274256
11944228054
10479879439
15311324441
11578374874
14119434060
17071737132
13838039469
8900480567
8499681768
13434800487
5027544215
11957357669
11220332764
13358464887
10468713905
6383021289
14512023623
8819822218
11045221102
18212341600
9005374087
2177941336
9809030385
11779447889
9162771160
14428595681
8576022333
18304503857
13265145069
13187977400
15837856251
13852414148
18228834065
12573294707
8180103678
11231350453
4086695265
11582364556
9133588869
10884584788
12068836413
12544137366
11347574590
13845720063
14854800962
14005085862
8499681768
15765573911
5532500828
10890829200
13025197698
12593613748
5532500828
12893637568
11231350453
13952901513
8643299961
15904520835
14972028280
15973336698
12359640039
18510619136
14544304764
13265145069
13295582678
11686481381
11944228054
15653497808
8819822218
17079186128
10479879439
13533535572
15124320229
6172571096
12412679144
7477281742
1601325049
10843420144
11834901098
10867686435
9176966147
12941838654
12360132792
14481760440
12156295723
12568035275
10816383291
15117895998
14840151000
8909805835
8020853075
7282685251
11944937526
14905013213
10714703439
14364518852
6352395724
7983012967
12604799302
15629095699
8375988633
9809030385
14776046607
16786854262
13652735191
16721347564
11998287321
10341323144
12005409487
13861717821
15654379539
15918112439
8802942784
11716755453
8320488742
12272422518
11325968433
13652735191
6009226444
8336621276
11963187054
8905803369
11360123019
9750994430
12187084869
13981717976
8463636244
11045221102
12156295723
13378247420
12392922718
11692027090
6964338997
12935009750
15073500936
9649650142
14195149545
12573294707
12046462492
14484867858
17155884770
11686481381
13773149334
12013186254
12516507901
11827186727
16332353937
12805564865
18126356001
14998529968
4817972989
8600540652
8856158041
10930278584
15972971802
15793796005
13533535572
12013186254
13543844851
5281655493
21482207228
14783320253
15018201052
11891017286
13943823707
16069490189
14358038897
12708672356
14655158666
11507340493
14767326377
12939077446
11501624721
18304503857
11886195668
19033773711
12979767996
9022914819
13221977129
9537745898
2424226516
11507340493
12225006229
15261154003
11420853437
12558695416
6406704576
16498400400
9162771160
8336621276
15613996182
17079186128
10743034196
11471624422
8336621276
12558471059
10435487530
6218532067
7687104872
12409691986
13144151885
10890829200
12080627058
13455946131
10165416534
12034887567
16508060583
789454344
16706410756
15620676851
11698622045
11329807228
12140620852
9133588869
8406595553
6696749943
11382140814
14823995009
12546808486
14504259229
11045221102
17180244655
2424226516
14800565267
4246446347
14724183454
6272795189
12768444561
7179049170
14784235725
17223220036
17427132903
13331946611
8888255953
12294688968
4246446347
11497773912
9716436596
16596553652
13547452739
13463056467
14838859855
14784235725
10914996005
10827744412
11576034522
13593330826
8296004813
12052121259
12962813273
13014592463
7179049170
15379012272
13269132112
3697084888
11461196632
4604532710
12123598196
13856266941
10482551836
8798521141
12068836413
11382140814
16285528737
12267321657
11117185611
11795097847
11566989349
13863107928
7701889533
14645513395
13780498339
13841101866
8610379100
8734126468
3871139461
12046462492
14191578428
14749013958
15412108174
15161137567
21519903503
8898153215
11461196632
12724742708
9098401623
14384089630
13691317708
14447017973
21199841269
11178588632
12903442527
13714613102
8020853075
15036321314
16167815556
9468424090
14701381822
17113030377
14370850314
16336917488
17344196147
10867686435
12476392333
11480519689
15870333221
5027544215
13790412581
13739572597
3871139461
12604799302
7687104872
17113653477
8798521141
4248039404
13295582678
9738389272
13008491628
11923021335
2424226516
13295582678
10876130949
13369470416
5626775379
6434531024
12653153359
17466380020
13790412581
13559716930
12770282788
18231994379
8691673859
9005374087
12948636613
13792264409
8576022333
15544706850
15107576963
19208083079
11566989349
15883961879
9750994430
10506904762
10165416534
11425172110
14481760440
10827744412
15292571095
20674373057
8907576889
15733357741
10867686435
14905013213
16305862601
14783320253
15080526006
15062449935
15357374442
8286756734
11325968433
15792434557
18474537949
5545311627
14749013958
13119411437
10203559085
14915708397
8819822218
12052121259
11497773912
11115838245
14881594117
12835543298
9942688024
11577298245
1601325049
8726731507
8086560769
5835633440
16954957213
10332649577
15365010988
10786341904
17035066198
14138110324
11340275174
10827744412
11869505979
11115838245
9369380127
13014592463
16377126218
13849512147
14714397514
6223508169
16549119162
12703631605
11220332764
7976314799
5855259554
14251189141
8489637638
12190444488
13825277819
14499527556
14730850770
10895646618
11625634020
11420853437
17350273867
14187568905
11740299291
14004477412
14996892219
12535129608
15925766919
12181077752
8706156974
12372848382
15573950007
4066126245
10435487530
15638929489
8555990610
18649301073
15768089316
10332649577
11365403236
13751123784
10572742689
15117895998
11963187054
6172571096
19226746369
14946161198
13890101368
14321604922
13447116143
8952919761
18534785402
11553821722
10229501098
9061445495
19134114685
9137273025
7179049170
11340275174
14714397514
14264459584
12272422518
17311870066
13889811951
6226249240
8409987374
10162593670
9716436596
11342327671
12542429942
10178002417
17460047222
15459577651
9750994430
11185472219
15428234877
12539568907
10450446495
17257181165
13324898125
9915467459
12809249426
12546808486
11129422991
12099823255
11329807228
12939077446
18640614752
12197808147
13849512147
5523247087
14578933015
12946227373
17761249132
18396729912
11193797116
12305794435
14811930518
10024623338
12190444488
22779951843
15765573911
9666664456
17114681712
11591217741
10623824792
10232822425
13500134443
11497773912
10203559085
14227509704
15981551817
11589253097
11631704473
8819822218
12558695416
14593235907
8836290165
14447017973
7487512861
14432259248
15906961784
12372848382
14143166065
11466963586
9603283490
2177941336
12715166306
12155776398
15233067789
12700825700
16674750974
9169732832
10287837325
15135695269
11675249692
8319235037
11779447889
14348699841
16802617110
12212599673
12103780004
12066239059
10028643875
12558471059
8798521141
23020924004
12692595658
12633899311
14886859801
9867621996
5552432191
13547696257
10835068135
14431702651
13952901513
14703772452
13124176881
14369543924
11045221102
16779790526
11325968433
6268641469
16992791311
9310994153
14811930518
5835633440
17002500790
9133588869
11420853437
8706156974
11469446436
10743034196
14676883919
16778902447
15709689229
14064483255
18576579149
6406704576
15650369917
3697084888
9153097417
16767213344
11861080369
15301461493
8521752029
8333054554
15767292785
10299526636
15450532314
12471032528
16228680553
11969264305
15957587784
15050344351
13727607416
4535061195
15088142040
15172306110
8763478371
11622712532
14270084955
7654885902
12651283266
15558516110
15286793757
18969430312
11939898083
14797311286
11805617407
9422552421
12624564127
9098401623
10930278584
15146225952
8819822218
14877000238
8507489061
13455946131
12080627058
19214981586
11272474096
15695472603
15881304564
11914991004
11642282037
14517691137
11556062702
12190444488
10978189306
9527893952
10258846505
6203306019
12003502113
14517691137
13462636106
15092065603
14919120542
13863107928
13551074072
7487512861
15773503707
12116650231
15029386874
16925504719
8872235818
18289284530
13447116143
15820981723
13615550850
16319348312
8907576889
14470668796
11376821578
11053944684
8856158041
16310619302
11127239932
15823334240
8375988633
8872235818
11135198050
6378433494
14367718398
12539568907
14696332984
3251464481
10258846505
12351168972
5281655493
8148761565
2177941336
11960072436
8952919761
17260330512
8836290165
8320488742
13691148787
11573416447
15660178366
13533535572
8798521141
14667789301
10895646618
12506287203
15981134739
11036988349
11943523786
11834901098
8798521141
13745962740
6226249240
6223508169
12632482220
15976731659
15918112439
14910181492
11252639423
12158740298
8319235037
11329807228
12133858342
6163762081
11727371432
9867621996
9137273025
11591217741
14830287205
14962455898
15012535134
8180103678
12536061747
13886526592
12140620852
18531623636
12184902189
13090717272
10786341904
9179045103
16919244248
11340275174
8643299961
22240177334
11360123019
15315367394
14930844827
17172962577
17260898017
8320488742
15554217662
10623824792
14294763136
15226676734
10113889842
10867686435
9052687725
20461330570
14182584467
6163762081
12536061747
10867686435
9603283490
11408006825
11969264305
16621200870
14395140955
13920756738
9482543112
14484867858
14724895544
14586939907
18455396721
14458035569
12535129608
11603470325
12651283266
10299526636
11488172994
11591217741
13124176881
11796829701
6009226444
8220094466
5532500828
10914996005
12073196305
8763478371
5395790760
8286756734
15027153226
9926316221
8952919761
10284732642
12633899311
11894255995
9468424090
16233115574
14449440700
11869505979
6838777917
18551596073
10876130949
10813228362
18210845469
12941838654
17370872411
9137273025
11796829701
11399458311
13460396740
12139624456
11469446436
5978614810
10867686435
13908748063
16032286533
13447116143
12099823255
11917195287
15749729735
16778902447
14696444975
12939077446
14264459584
15492229552
14031358412
16903203345
11578374874
10229501098
12903442527
8909805835
7654885902
14367718398
9553389506
13947475615
6172571096
11566989349
12005409487
5027544215
8829659125
11193797116
7322560966
3697084888
14976773112
8829659125
12651283266
18778546147
12903442527
10827744412
13551971196
18956692689
8463636244
10825793113
4246446347
19378512212
10816383291
8086560769
11788773484
19120366204
12532521417
17208139070
7772041591
6752759845
16729437169
7477281742
14280421212
9603283490
16285528737
8856158041
12939077446
10610273857
8336621276
13014592463
14910181492
11376821578
13981717976
14184608375
15336172058
13478917355
9473862366
11998287321
15704834281
15714382366
16252955344
10854266958
16680292244
11360123019
15214872185
12715166306
12787147218
9452759178
16935048583
11959217562
15214872185
6172571096
11425172110
16674750974
6383021289
15258767816
8952919761
16125506426
5523247087
9603283490
13981717976
15860805355
12234243601
15161520517
11550938318
10876130949
11638888413
14364110284
16585071683
17809374540
11325968433
11382140814
18060397688
10162593670
12359640039
11450166899
9369380127
7322560966
19042363269
9780973424
11939898083
15695472603
10867686435
10786341904
10232822425
14890618846
9022914819
11329807228
11488172994
10914996005
11765743106
14512023623
14445741899
13221977129
4248039404
12967173781
18322347113
4086695265
12787147218
15396973676
7976314799
12769459515
14910181492
12331233330
8726731507
11861080369
15123108015
20589609144
10723686870
20801681682
9137273025
11053944684
13532806752
11591117572
11779447889
8856158041
10890829200
13903159693
19210809847
3871139461
15398519131
8726731507
11034085075
10916146016
11740299291
14687448487
8907576889
14143166065
11308623538
7738280394
14423958349
13947475615
7976314799
13008491628
17246923208
10258846505
12294688968
13462636106
14622916827
16086363591
18573183374
8518374498
11277031283
10012896622
6406704576
11308623538
6838777917
11342327671
11960072436
11736092939
10162593670
6172571096
11995959402
13455946131
16964555455
10723686870
11582364556
12787147218
11480953892
11747567256
5545311627
16426462325
14358628728
14724183454
12272422518
11329807228
12103780004
8576022333
10890829200
12026353755
11041808477
10506904762
12532521417
6776040748
14920426623
10130037558
13873859992
17766158102
11625634020
14972028280
11765743106
16738966720
12392922718
7179049170
5978614810
15409067209
19302508052
9537745898
14905881325
6172571096
13462636106
12772402499
5552432191
12099823255
14510751046
7808913546
14414942701
8569649127
10884584788
11740299291
11827186727
16173435689
11740299291
10154094694
10078513600
18152879692
11115838245
11308623538
9553389506
10835068135
11329807228
21100045319
8763478371
15554217662
15340959115
11553821722
12068836413
12471032528
13527565490
10192902133
9179045103
17176411002
14821119052
11129422991
15877183267
15557296341
8898153215
5902307624
12935009750
10960824605
18640614752
17120651461
15429784460
14423958349
18723995687
12542429942
19114947329
15365010988
14431702651
13773149334
12509930471
11360123019
11277031283
11083613441
16265513126
10258846505
10468713905
8296004813
9447918041
14898588283
11589253097
14348699841
14264459584
13943823707
10299526636
16508060583
11686481381
13350233598
11545919264
11445525328
13593330826
10958677191
11927664776
6383021289
11113140616
14886859801
14115080114
11914991004
11430758990
6268641469
17440647365
8703339421
11962342087
16006983029
11178588632
25550544906
14915003980
14092934107
17092641892
8911041876
12264479154
14064483255
12042008732
16966326019
13460260079
10229501098
12190444488
12967173781
14361722516
16767173391
11450166899
11631150078
19199796355
9419845167
12234243601
21419036442
12034887567
6226249240
4066126245
11927664776
12967173781
10203559085
11811604639
15460388395
4817972989
15455970100
15555319802
2177941336
14428595681
12697212430
15009103230
8086560769
15629095699
10203559085
7328612728
7322560966
7403580641
11589253097
9005374087
3733754024
6172571096
13984199958
14890618846
8375988633
13137748059
11135198050
11231350453
12099823255
10978189306
5855259554
11765743106
10718098030
10258846505
13251361483
13838039469
14049316500
8489637638
13981717976
7833647199
10930278584
13009043412
11101749884
6383021289
16265634409
15957052512
11573416447
11716755453
14964553570
15520031281
13090717272
8406595553
11410912226
8406595553
19001096241
9926316221
14900279414
11342327671
14472263256
14602944459
15146358649
14329908995
18385462977
14910181492
13795957866
2424226516
15783817881
13767121685
13592282892
11573416447
15161863261
15783817881
14116940372
11194198759
13802842233
13562057129
10895646618
11129422991
14551089491
16369232451
11973274256
12013186254
8593230728
6696749943
14386487068
16929229387
9179045103
8113589297
15883777550
19099185449
11943523786
11576034522
7997821203
11507340493
5902307624
13809335857
14384089630
12433493821
8319235037
8319235037
12994289087
11944228054
11488172994
13500134443
8949198501
8555142619
14609295715
11340275174
8791512204
12784878204
8791512204
7654885902
17036901025
13417465311
9176966147
8148761565
8643299961
16779790526
12532521417
8086560769
10998650705
13803911217
12013186254
19594349732
10229501098
14361722516
17739266848
4817972989
15570613958
6172571096
18943529192
12549594552
17071737132
11603470325
14324654075
4817972989
6668748925
12066239059
9922034977
13981335309
17083645077
14064483255
16326423774
12073196305
11696090354
14484867858
11957357669
8576022333
15124693301
7812435398
15783817881
17835695715
11399458311
15256275935
6223508169
11923021335
16976226818
12136582493
15027153226
12433493821
7036369339
16903203345
11178588632
15704834281
11193797116
13194726856
13543844851
7711100686
9931195488
8829659125
11461196632
13437788707
13741948117
9716436596
15181636734
10137730629
8829659125
17036901025
13463056467
15850060199
15579236098
17218769547
19398266362
13871904053
12536061747
10203559085
11083613441
15733357741
8113589297
11747567256
12768444561
8333054554
14996892219
14135701988
8643299961
13533535572
13947475615
12683204096
8907576889
10051106278
11631704473
8406595553
10714703439
12939077446
14257957252
13463056467
5461491346
15704834281
16058034539
11969264305
14092934107
4086695265
19253118132
13891654141
13025197698
14499042160
10914996005
13460396740
16611704910
8333054554
12350737690
13602435019
8572388210
17685808906
13463056467
12331233330
15918112439
8521752029
13460260079
12946983835
11591217741
8296004813
14558544136
13265039985
11686481381
10012896622
14049316500
16868992844
11546359250
9176966147
14569470887
14946161198
10825793113
13341986365
15263757433
18723995687
10572742689
12066239059
13861717821
13995910273
8211490312
15319503986
14785406716
17282613407
11550938318
12903442527
11577543255
10130037558
12842894678
13135571188
4502235381
2177941336
10718098030
11832127542
15957587784
15418895910
14892510372
3096583722
11843591467
11763596881
14589408593
10527131544
14765128454
12994289087
11146585829
11796829701
11106144084
11832127542
11745490637
11631704473
9997013872
6693394098
15516687791
18256366433
11220332764
16552933913
13838039469
4535061195
12549594552
12234243601
11959217562
14608869174
12688449830
15181636734
8564771237
11963187054
10527131544
14172620583
9153097417
13124176881
10284732642
12544137366
14885329817
14624745590
16486418092
14367718398
9153097417
13652723954
13231340642
14552589962
17480614740
17392855144
11340275174
21360347229
8763478371
11589253097
7461467271
9052687725
8148761565
10137730629
15613996182
3096583722
18334652239
11471624422
5855259554
8734126468
11582364556
11556062702
11631150078
15214296989
15455970100
3697084888
11521931810
5902307624
15123703340
11804675932
13346536480
13973829167
14570461853
9055054976
10085501591
11315454448
13331946611
16037874136
11622351579
15365010988
11798409282
6406704576
9137273025
12653153359
13231340642
11591217741
11869505979
3871139461
8406595553
10154094694
15150053382
16696252835
8375988633
9520389335
12542101532
6829832732
16167815556
13342392666
13358464887
11686481381
11716755453
12542429942
15409067209
15654379539
11492276397
11894255995
17580005246
11237861685
12073196305
15319503986
10192902133
11252639423
14712987345
11745490637
10012896622
11106144084
10509831049
8211490312
6223508169
11501624721
13437788707
11409854617
14749013958
12728994645
20370105039
2177941336
11376821578
11083613441
15449179048
15089969522
11692027090
11264417026
9671767629
9649650142
10178002417
7812435398
18480794501
10482551836
11556062702
13372249788
15088142040
12994661566
16228680553
9369380127
10668367209
9466350363
7983012967
6272795189
11480953892
6668748925
15064549436
12360132792
11939898083
8872235818
7036369339
7997821203
13551074072
14036585428
15123280429
16369232451
17128467933
13460260079
10835068135
8521752029
9942688024
10535849785
13705564027
7812435398
7328612728
12136582493
8734126468
16876592947
8220094466
15247657192
10203559085
12042008732
12052121259
16754737497
12272422518
9561124549
13119411437
11914991004
20706746924
20676658383
7833647199
17157576226
15227524172
19001096241
11943523786
13841101866
13809335857
19733315035
17071737132
15301461493
6272795189
10078513600
15665544520
16093036586
17138538953
14036585428
15053954036
14839036152
11102352780
7036369339
14811930518
18392637728
15117895998
11151054488
9926316221
10028643875
18181476049
10872424556
4086695265
14775644280
11430758990
15305133396
5835633440
22588357783
11622712532
8564771237
12683204096
8905803369
20915173131
5545311627
8333054554
7487512861
11831554903
13527359163
14005085862
13554236710
10813228362
11589253097
18250616232
8842309310
6163762081
15768607646
13947475615
12568035275
11891017286
9061445495
7976314799
11127239932
14556254226
8610379100
9553389506
14523900742
15498369568
8909805835
8148761565
20088224257
15744107268
7322560966
7788403511
9553389506
14775644280
15520031281
6693394098
10162593670
13119411437
11584799275
12593613748
11106144084
11220332764
11034085075
9666664456
11622712532
8555990610
9133588869
17854596014
14548300343
15122064791
7654885902
10535849785
13733240567
10450446495
10610273857
8339993207
13933894811
15127767812
15161520517
5855259554
13447116143
9922034977
12787474156
15062611822
8819822218
10916146016
11185472219
11507340493
21351117307
14329908995
11944937526
14449440700
12190444488
10953521373
15311324441
4817972989
12433493821
14470668796
14769097390
16869936267
14431702651
7036594815
10695194525
12967173781
10028643875
9926316221
15014106805
6829832732
15315367394
15561451129
5855259554
11745490637
10884584788
10978189306
10527131544
14807849117
12653153359
18171599572
8518374498
11573416447
15226774713
10972917122
15105886694
8409987374
12350737690
14358038897
10468713905
12412679144
12433493821
17136013376
15660178366
15733357741
13691148787
11409854617
15024355475
10992755020
12546808486
8856158041
13416387093
18827121220
15124693301
9553389506
12540350374
13977570002
13328402367
21060115490
11963187054
14548300343
13733240567
15558516110
18363982776
7832750863
11553821722
11834901098
13994475275
13615550850
11763596881
12116650231
10718098030
7282685251
11507340493
20550547375
10718098030
14329908995
11556062702
9537745898
8679777952
6838777917
12181077752
17504590668
15509506989
