2 4 3 5 6 1 
1 3 2 4 5 0 
3 4 2 5 0 1 
5 0 2 1 3 4 
4 5 2 0 1 3 
1 3 2 4 5 0 
3 4 2 5 0 1 
5 0 2 1 3 4 
4 5 2 0 1 3 
1 3 2 4 5 0 
3 4 2 5 0 1 
5 0 2 1 3 4 
4 5 2 0 1 3 
1 3 2 4 5 0 
3 4 2 5 0 1 
5 0 2 1 3 4 
4 5 2 0 1 3 
1 3 2 4 5 0 
3 4 2 5 0 1 
5 0 2 1 3 4 
4 5 2 0 1 3 
1 3 2 4 5 0 
3 4 2 5 0 1 
5 0 2 1 3 4 
4 5 2 0 1 3 
1 3 2 4 5 0 
3 4 2 5 0 1 
5 0 2 1 3 4 
4 5 2 0 1 3 
1 3 2 4 5 0 
3 4 2 5 0 1 
5 0 2 1 3 4 
4 5 2 0 1 3 
1 3 2 4 5 0 
3 4 2 5 0 1 
5 0 2 1 3 4 
4 5 2 0 1 3 
1 3 2 4 5 0 
3 4 2 5 0 1 
5 0 2 1 3 4 
4 5 2 0 1 3 
1 3 2 4 5 0 
3 4 2 5 0 1 
5 0 2 1 3 4 
4 5 2 0 1 3 
1 3 2 4 5 0 
3 4 2 5 0 1 
5 0 2 1 3 4 
4 5 2 0 1 3 
1 3 2 4 5 0 
3 4 2 5 0 1 
5 0 2 1 3 4 
4 5 2 0 1 3 
1 3 2 4 5 0 
3 4 2 5 0 1 
5 0 2 1 3 4 
4 5 2 0 1 3 
1 3 2 4 5 0 
3 4 2 5 0 1 
5 0 2 1 3 4 
4 5 2 0 1 3 
1 3 2 4 5 0 
3 4 2 5 0 1 
