1.000000000000000
0.219243971619008
0.988470784953931
0.064993389865614
0.009159257787418
0.000000000000000
0.002902937632920
0.014966923967078
0.000000000000000
0.046183275753301
0.000331881349379
0.004664771220096
0.002079324144585
0.003716651399681
0.002058049141980
0.001039394322382
0.000000000000000
0.000292443976629
0.019698022224710
0.000054012449860
0.001018628074454
0.012982536220953
0.054270176010281
0.045825249686179
0.017232360609921
0.038852258518360
0.001573055709310
0.108339510447308
0.016314562691381
0.000000000000000
0.016266413505434
0.000720489275052
0.020292061954190
0.025738335238945
0.000000000000000
0.021240465717960
0.000000000000000
0.000000000000000
0.000000000000000
0.008383777522400
0.030743408043900
0.039788650400869
0.058083731552705
0.000000000000000
0.011504160825335
0.002850975120137
0.000000000000000
0.000000000000000
0.001727929196234
0.008496872189177
0.000333860203373
0.030126360828241
0.000521078330896
0.045525695221108
0.007211303953840
0.000128251166917
0.000000000000000
0.006581922820737
0.016364722049262
0.000000000000000
0.000210484609085
0.002142570991983
0.020678815629461
0.000000000000000
