169491525423728813559322033898305084745762711864406779661
338983050847457627118644067796610169491525423728813559322
508474576271186440677966101694915254237288135593220338983
677966101694915254237288135593220338983050847457627118644
847457627118644067796610169491525423728813559322033898305
1016949152542372881355932203389830508474576271186440677966
1186440677966101694915254237288135593220338983050847457627
1355932203389830508474576271186440677966101694915254237288
1525423728813559322033898305084745762711864406779661016949
1694915254237288135593220338983050847457627118644067796610
1864406779661016949152542372881355932203389830508474576271
2033898305084745762711864406779661016949152542372881355932
2203389830508474576271186440677966101694915254237288135593
2372881355932203389830508474576271186440677966101694915254
2542372881355932203389830508474576271186440677966101694915
2711864406779661016949152542372881355932203389830508474576
2881355932203389830508474576271186440677966101694915254237
3050847457627118644067796610169491525423728813559322033898
3220338983050847457627118644067796610169491525423728813559
3389830508474576271186440677966101694915254237288135593220
3559322033898305084745762711864406779661016949152542372881
3728813559322033898305084745762711864406779661016949152542
3898305084745762711864406779661016949152542372881355932203
4067796610169491525423728813559322033898305084745762711864
4237288135593220338983050847457627118644067796610169491525
4406779661016949152542372881355932203389830508474576271186
4576271186440677966101694915254237288135593220338983050847
4745762711864406779661016949152542372881355932203389830508
4915254237288135593220338983050847457627118644067796610169
5084745762711864406779661016949152542372881355932203389830
5254237288135593220338983050847457627118644067796610169491
5423728813559322033898305084745762711864406779661016949152
5593220338983050847457627118644067796610169491525423728813
5762711864406779661016949152542372881355932203389830508474
5932203389830508474576271186440677966101694915254237288135
6101694915254237288135593220338983050847457627118644067796
6271186440677966101694915254237288135593220338983050847457
6440677966101694915254237288135593220338983050847457627118
6610169491525423728813559322033898305084745762711864406779
6779661016949152542372881355932203389830508474576271186440
6949152542372881355932203389830508474576271186440677966101
7118644067796610169491525423728813559322033898305084745762
7288135593220338983050847457627118644067796610169491525423
7457627118644067796610169491525423728813559322033898305084
7627118644067796610169491525423728813559322033898305084745
7796610169491525423728813559322033898305084745762711864406
7966101694915254237288135593220338983050847457627118644067
8135593220338983050847457627118644067796610169491525423728
8305084745762711864406779661016949152542372881355932203389
8474576271186440677966101694915254237288135593220338983050
8644067796610169491525423728813559322033898305084745762711
8813559322033898305084745762711864406779661016949152542372
8983050847457627118644067796610169491525423728813559322033
9152542372881355932203389830508474576271186440677966101694
9322033898305084745762711864406779661016949152542372881355
9491525423728813559322033898305084745762711864406779661016
9661016949152542372881355932203389830508474576271186440677
9830508474576271186440677966101694915254237288135593220338
9999999999999999999999999999999999999999999999999999999999
10169491525423728813559322033898305084745762711864406779660
10338983050847457627118644067796610169491525423728813559321
10508474576271186440677966101694915254237288135593220338982
10677966101694915254237288135593220338983050847457627118643
10847457627118644067796610169491525423728813559322033898304
11016949152542372881355932203389830508474576271186440677965
11186440677966101694915254237288135593220338983050847457626
11355932203389830508474576271186440677966101694915254237287
11525423728813559322033898305084745762711864406779661016948
11694915254237288135593220338983050847457627118644067796609
11864406779661016949152542372881355932203389830508474576270
12033898305084745762711864406779661016949152542372881355931
12203389830508474576271186440677966101694915254237288135592
12372881355932203389830508474576271186440677966101694915253
12542372881355932203389830508474576271186440677966101694914
12711864406779661016949152542372881355932203389830508474575
12881355932203389830508474576271186440677966101694915254236
13050847457627118644067796610169491525423728813559322033897
13220338983050847457627118644067796610169491525423728813558
13389830508474576271186440677966101694915254237288135593219
13559322033898305084745762711864406779661016949152542372880
13728813559322033898305084745762711864406779661016949152541
13898305084745762711864406779661016949152542372881355932202
14067796610169491525423728813559322033898305084745762711863
14237288135593220338983050847457627118644067796610169491524
14406779661016949152542372881355932203389830508474576271185
14576271186440677966101694915254237288135593220338983050846
14745762711864406779661016949152542372881355932203389830507
14915254237288135593220338983050847457627118644067796610168
15084745762711864406779661016949152542372881355932203389829
15254237288135593220338983050847457627118644067796610169490
15423728813559322033898305084745762711864406779661016949151
15593220338983050847457627118644067796610169491525423728812
15762711864406779661016949152542372881355932203389830508473
15932203389830508474576271186440677966101694915254237288134
16101694915254237288135593220338983050847457627118644067795
16271186440677966101694915254237288135593220338983050847456
16440677966101694915254237288135593220338983050847457627117
16610169491525423728813559322033898305084745762711864406778
16779661016949152542372881355932203389830508474576271186439
16949152542372881355932203389830508474576271186440677966100
17118644067796610169491525423728813559322033898305084745761
17288135593220338983050847457627118644067796610169491525422
17457627118644067796610169491525423728813559322033898305083
17627118644067796610169491525423728813559322033898305084744
17796610169491525423728813559322033898305084745762711864405
17966101694915254237288135593220338983050847457627118644066
18135593220338983050847457627118644067796610169491525423727
18305084745762711864406779661016949152542372881355932203388
18474576271186440677966101694915254237288135593220338983049
18644067796610169491525423728813559322033898305084745762710
18813559322033898305084745762711864406779661016949152542371
18983050847457627118644067796610169491525423728813559322032
19152542372881355932203389830508474576271186440677966101693
19322033898305084745762711864406779661016949152542372881354
19491525423728813559322033898305084745762711864406779661015
19661016949152542372881355932203389830508474576271186440676
19830508474576271186440677966101694915254237288135593220337
19999999999999999999999999999999999999999999999999999999998
20169491525423728813559322033898305084745762711864406779659
20338983050847457627118644067796610169491525423728813559320
20508474576271186440677966101694915254237288135593220338981
20677966101694915254237288135593220338983050847457627118642
20847457627118644067796610169491525423728813559322033898303
21016949152542372881355932203389830508474576271186440677964
21186440677966101694915254237288135593220338983050847457625
21355932203389830508474576271186440677966101694915254237286
21525423728813559322033898305084745762711864406779661016947
21694915254237288135593220338983050847457627118644067796608
21864406779661016949152542372881355932203389830508474576269
22033898305084745762711864406779661016949152542372881355930
22203389830508474576271186440677966101694915254237288135591
22372881355932203389830508474576271186440677966101694915252
22542372881355932203389830508474576271186440677966101694913
22711864406779661016949152542372881355932203389830508474574
22881355932203389830508474576271186440677966101694915254235
23050847457627118644067796610169491525423728813559322033896
23220338983050847457627118644067796610169491525423728813557
23389830508474576271186440677966101694915254237288135593218
23559322033898305084745762711864406779661016949152542372879
23728813559322033898305084745762711864406779661016949152540
23898305084745762711864406779661016949152542372881355932201
24067796610169491525423728813559322033898305084745762711862
24237288135593220338983050847457627118644067796610169491523
24406779661016949152542372881355932203389830508474576271184
24576271186440677966101694915254237288135593220338983050845
24745762711864406779661016949152542372881355932203389830506
24915254237288135593220338983050847457627118644067796610167
25084745762711864406779661016949152542372881355932203389828
25254237288135593220338983050847457627118644067796610169489
25423728813559322033898305084745762711864406779661016949150
25593220338983050847457627118644067796610169491525423728811
25762711864406779661016949152542372881355932203389830508472
25932203389830508474576271186440677966101694915254237288133
26101694915254237288135593220338983050847457627118644067794
26271186440677966101694915254237288135593220338983050847455
26440677966101694915254237288135593220338983050847457627116
26610169491525423728813559322033898305084745762711864406777
26779661016949152542372881355932203389830508474576271186438
26949152542372881355932203389830508474576271186440677966099
27118644067796610169491525423728813559322033898305084745760
27288135593220338983050847457627118644067796610169491525421
27457627118644067796610169491525423728813559322033898305082
27627118644067796610169491525423728813559322033898305084743
27796610169491525423728813559322033898305084745762711864404
27966101694915254237288135593220338983050847457627118644065
28135593220338983050847457627118644067796610169491525423726
28305084745762711864406779661016949152542372881355932203387
28474576271186440677966101694915254237288135593220338983048
28644067796610169491525423728813559322033898305084745762709
28813559322033898305084745762711864406779661016949152542370
28983050847457627118644067796610169491525423728813559322031
29152542372881355932203389830508474576271186440677966101692
29322033898305084745762711864406779661016949152542372881353
29491525423728813559322033898305084745762711864406779661014
29661016949152542372881355932203389830508474576271186440675
29830508474576271186440677966101694915254237288135593220336
29999999999999999999999999999999999999999999999999999999997
30169491525423728813559322033898305084745762711864406779658
30338983050847457627118644067796610169491525423728813559319
30508474576271186440677966101694915254237288135593220338980
30677966101694915254237288135593220338983050847457627118641
30847457627118644067796610169491525423728813559322033898302
31016949152542372881355932203389830508474576271186440677963
31186440677966101694915254237288135593220338983050847457624
31355932203389830508474576271186440677966101694915254237285
31525423728813559322033898305084745762711864406779661016946
31694915254237288135593220338983050847457627118644067796607
31864406779661016949152542372881355932203389830508474576268
32033898305084745762711864406779661016949152542372881355929
32203389830508474576271186440677966101694915254237288135590
32372881355932203389830508474576271186440677966101694915251
32542372881355932203389830508474576271186440677966101694912
32711864406779661016949152542372881355932203389830508474573
32881355932203389830508474576271186440677966101694915254234
33050847457627118644067796610169491525423728813559322033895
33220338983050847457627118644067796610169491525423728813556
33389830508474576271186440677966101694915254237288135593217
33559322033898305084745762711864406779661016949152542372878
33728813559322033898305084745762711864406779661016949152539
33898305084745762711864406779661016949152542372881355932200
34067796610169491525423728813559322033898305084745762711861
34237288135593220338983050847457627118644067796610169491522
34406779661016949152542372881355932203389830508474576271183
34576271186440677966101694915254237288135593220338983050844
34745762711864406779661016949152542372881355932203389830505
34915254237288135593220338983050847457627118644067796610166
35084745762711864406779661016949152542372881355932203389827
35254237288135593220338983050847457627118644067796610169488
35423728813559322033898305084745762711864406779661016949149
35593220338983050847457627118644067796610169491525423728810
35762711864406779661016949152542372881355932203389830508471
35932203389830508474576271186440677966101694915254237288132
36101694915254237288135593220338983050847457627118644067793
36271186440677966101694915254237288135593220338983050847454
36440677966101694915254237288135593220338983050847457627115
36610169491525423728813559322033898305084745762711864406776
36779661016949152542372881355932203389830508474576271186437
36949152542372881355932203389830508474576271186440677966098
37118644067796610169491525423728813559322033898305084745759
37288135593220338983050847457627118644067796610169491525420
37457627118644067796610169491525423728813559322033898305081
37627118644067796610169491525423728813559322033898305084742
37796610169491525423728813559322033898305084745762711864403
37966101694915254237288135593220338983050847457627118644064
38135593220338983050847457627118644067796610169491525423725
38305084745762711864406779661016949152542372881355932203386
38474576271186440677966101694915254237288135593220338983047
38644067796610169491525423728813559322033898305084745762708
38813559322033898305084745762711864406779661016949152542369
38983050847457627118644067796610169491525423728813559322030
39152542372881355932203389830508474576271186440677966101691
39322033898305084745762711864406779661016949152542372881352
39491525423728813559322033898305084745762711864406779661013
39661016949152542372881355932203389830508474576271186440674
39830508474576271186440677966101694915254237288135593220335
39999999999999999999999999999999999999999999999999999999996
40169491525423728813559322033898305084745762711864406779657
40338983050847457627118644067796610169491525423728813559318
40508474576271186440677966101694915254237288135593220338979
40677966101694915254237288135593220338983050847457627118640
40847457627118644067796610169491525423728813559322033898301
41016949152542372881355932203389830508474576271186440677962
41186440677966101694915254237288135593220338983050847457623
41355932203389830508474576271186440677966101694915254237284
41525423728813559322033898305084745762711864406779661016945
41694915254237288135593220338983050847457627118644067796606
41864406779661016949152542372881355932203389830508474576267
42033898305084745762711864406779661016949152542372881355928
42203389830508474576271186440677966101694915254237288135589
42372881355932203389830508474576271186440677966101694915250
42542372881355932203389830508474576271186440677966101694911
42711864406779661016949152542372881355932203389830508474572
42881355932203389830508474576271186440677966101694915254233
43050847457627118644067796610169491525423728813559322033894
43220338983050847457627118644067796610169491525423728813555
43389830508474576271186440677966101694915254237288135593216
43559322033898305084745762711864406779661016949152542372877
43728813559322033898305084745762711864406779661016949152538
43898305084745762711864406779661016949152542372881355932199
44067796610169491525423728813559322033898305084745762711860
44237288135593220338983050847457627118644067796610169491521
44406779661016949152542372881355932203389830508474576271182
44576271186440677966101694915254237288135593220338983050843
44745762711864406779661016949152542372881355932203389830504
44915254237288135593220338983050847457627118644067796610165
45084745762711864406779661016949152542372881355932203389826
45254237288135593220338983050847457627118644067796610169487
45423728813559322033898305084745762711864406779661016949148
45593220338983050847457627118644067796610169491525423728809
45762711864406779661016949152542372881355932203389830508470
45932203389830508474576271186440677966101694915254237288131
46101694915254237288135593220338983050847457627118644067792
46271186440677966101694915254237288135593220338983050847453
46440677966101694915254237288135593220338983050847457627114
46610169491525423728813559322033898305084745762711864406775
46779661016949152542372881355932203389830508474576271186436
46949152542372881355932203389830508474576271186440677966097
47118644067796610169491525423728813559322033898305084745758
47288135593220338983050847457627118644067796610169491525419
47457627118644067796610169491525423728813559322033898305080
47627118644067796610169491525423728813559322033898305084741
47796610169491525423728813559322033898305084745762711864402
47966101694915254237288135593220338983050847457627118644063
48135593220338983050847457627118644067796610169491525423724
48305084745762711864406779661016949152542372881355932203385
48474576271186440677966101694915254237288135593220338983046
48644067796610169491525423728813559322033898305084745762707
48813559322033898305084745762711864406779661016949152542368
48983050847457627118644067796610169491525423728813559322029
49152542372881355932203389830508474576271186440677966101690
49322033898305084745762711864406779661016949152542372881351
49491525423728813559322033898305084745762711864406779661012
49661016949152542372881355932203389830508474576271186440673
49830508474576271186440677966101694915254237288135593220334
49999999999999999999999999999999999999999999999999999999995
50169491525423728813559322033898305084745762711864406779656
50338983050847457627118644067796610169491525423728813559317
50508474576271186440677966101694915254237288135593220338978
50677966101694915254237288135593220338983050847457627118639
50847457627118644067796610169491525423728813559322033898300
51016949152542372881355932203389830508474576271186440677961
51186440677966101694915254237288135593220338983050847457622
51355932203389830508474576271186440677966101694915254237283
51525423728813559322033898305084745762711864406779661016944
51694915254237288135593220338983050847457627118644067796605
51864406779661016949152542372881355932203389830508474576266
52033898305084745762711864406779661016949152542372881355927
52203389830508474576271186440677966101694915254237288135588
52372881355932203389830508474576271186440677966101694915249
52542372881355932203389830508474576271186440677966101694910
52711864406779661016949152542372881355932203389830508474571
52881355932203389830508474576271186440677966101694915254232
53050847457627118644067796610169491525423728813559322033893
53220338983050847457627118644067796610169491525423728813554
53389830508474576271186440677966101694915254237288135593215
53559322033898305084745762711864406779661016949152542372876
53728813559322033898305084745762711864406779661016949152537
53898305084745762711864406779661016949152542372881355932198
54067796610169491525423728813559322033898305084745762711859
54237288135593220338983050847457627118644067796610169491520
54406779661016949152542372881355932203389830508474576271181
54576271186440677966101694915254237288135593220338983050842
54745762711864406779661016949152542372881355932203389830503
54915254237288135593220338983050847457627118644067796610164
55084745762711864406779661016949152542372881355932203389825
55254237288135593220338983050847457627118644067796610169486
55423728813559322033898305084745762711864406779661016949147
55593220338983050847457627118644067796610169491525423728808
55762711864406779661016949152542372881355932203389830508469
55932203389830508474576271186440677966101694915254237288130
56101694915254237288135593220338983050847457627118644067791
56271186440677966101694915254237288135593220338983050847452
56440677966101694915254237288135593220338983050847457627113
56610169491525423728813559322033898305084745762711864406774
56779661016949152542372881355932203389830508474576271186435
56949152542372881355932203389830508474576271186440677966096
57118644067796610169491525423728813559322033898305084745757
57288135593220338983050847457627118644067796610169491525418
57457627118644067796610169491525423728813559322033898305079
57627118644067796610169491525423728813559322033898305084740
57796610169491525423728813559322033898305084745762711864401
57966101694915254237288135593220338983050847457627118644062
58135593220338983050847457627118644067796610169491525423723
58305084745762711864406779661016949152542372881355932203384
58474576271186440677966101694915254237288135593220338983045
58644067796610169491525423728813559322033898305084745762706
58813559322033898305084745762711864406779661016949152542367
58983050847457627118644067796610169491525423728813559322028
59152542372881355932203389830508474576271186440677966101689
59322033898305084745762711864406779661016949152542372881350
59491525423728813559322033898305084745762711864406779661011
59661016949152542372881355932203389830508474576271186440672
59830508474576271186440677966101694915254237288135593220333
59999999999999999999999999999999999999999999999999999999994
60169491525423728813559322033898305084745762711864406779655
60338983050847457627118644067796610169491525423728813559316
60508474576271186440677966101694915254237288135593220338977
60677966101694915254237288135593220338983050847457627118638
60847457627118644067796610169491525423728813559322033898299
61016949152542372881355932203389830508474576271186440677960
61186440677966101694915254237288135593220338983050847457621
61355932203389830508474576271186440677966101694915254237282
61525423728813559322033898305084745762711864406779661016943
61694915254237288135593220338983050847457627118644067796604
61864406779661016949152542372881355932203389830508474576265
62033898305084745762711864406779661016949152542372881355926
62203389830508474576271186440677966101694915254237288135587
62372881355932203389830508474576271186440677966101694915248
62542372881355932203389830508474576271186440677966101694909
62711864406779661016949152542372881355932203389830508474570
62881355932203389830508474576271186440677966101694915254231
63050847457627118644067796610169491525423728813559322033892
63220338983050847457627118644067796610169491525423728813553
63389830508474576271186440677966101694915254237288135593214
63559322033898305084745762711864406779661016949152542372875
63728813559322033898305084745762711864406779661016949152536
63898305084745762711864406779661016949152542372881355932197
64067796610169491525423728813559322033898305084745762711858
64237288135593220338983050847457627118644067796610169491519
64406779661016949152542372881355932203389830508474576271180
64576271186440677966101694915254237288135593220338983050841
64745762711864406779661016949152542372881355932203389830502
64915254237288135593220338983050847457627118644067796610163
65084745762711864406779661016949152542372881355932203389824
65254237288135593220338983050847457627118644067796610169485
65423728813559322033898305084745762711864406779661016949146
65593220338983050847457627118644067796610169491525423728807
65762711864406779661016949152542372881355932203389830508468
65932203389830508474576271186440677966101694915254237288129
66101694915254237288135593220338983050847457627118644067790
66271186440677966101694915254237288135593220338983050847451
66440677966101694915254237288135593220338983050847457627112
66610169491525423728813559322033898305084745762711864406773
66779661016949152542372881355932203389830508474576271186434
66949152542372881355932203389830508474576271186440677966095
67118644067796610169491525423728813559322033898305084745756
67288135593220338983050847457627118644067796610169491525417
67457627118644067796610169491525423728813559322033898305078
67627118644067796610169491525423728813559322033898305084739
67796610169491525423728813559322033898305084745762711864400
67966101694915254237288135593220338983050847457627118644061
68135593220338983050847457627118644067796610169491525423722
68305084745762711864406779661016949152542372881355932203383
68474576271186440677966101694915254237288135593220338983044
68644067796610169491525423728813559322033898305084745762705
68813559322033898305084745762711864406779661016949152542366
68983050847457627118644067796610169491525423728813559322027
69152542372881355932203389830508474576271186440677966101688
69322033898305084745762711864406779661016949152542372881349
69491525423728813559322033898305084745762711864406779661010
69661016949152542372881355932203389830508474576271186440671
69830508474576271186440677966101694915254237288135593220332
69999999999999999999999999999999999999999999999999999999993
70169491525423728813559322033898305084745762711864406779654
70338983050847457627118644067796610169491525423728813559315
70508474576271186440677966101694915254237288135593220338976
70677966101694915254237288135593220338983050847457627118637
70847457627118644067796610169491525423728813559322033898298
71016949152542372881355932203389830508474576271186440677959
71186440677966101694915254237288135593220338983050847457620
71355932203389830508474576271186440677966101694915254237281
71525423728813559322033898305084745762711864406779661016942
71694915254237288135593220338983050847457627118644067796603
71864406779661016949152542372881355932203389830508474576264
72033898305084745762711864406779661016949152542372881355925
72203389830508474576271186440677966101694915254237288135586
72372881355932203389830508474576271186440677966101694915247
72542372881355932203389830508474576271186440677966101694908
72711864406779661016949152542372881355932203389830508474569
72881355932203389830508474576271186440677966101694915254230
73050847457627118644067796610169491525423728813559322033891
73220338983050847457627118644067796610169491525423728813552
73389830508474576271186440677966101694915254237288135593213
73559322033898305084745762711864406779661016949152542372874
73728813559322033898305084745762711864406779661016949152535
73898305084745762711864406779661016949152542372881355932196
74067796610169491525423728813559322033898305084745762711857
74237288135593220338983050847457627118644067796610169491518
74406779661016949152542372881355932203389830508474576271179
74576271186440677966101694915254237288135593220338983050840
74745762711864406779661016949152542372881355932203389830501
74915254237288135593220338983050847457627118644067796610162
75084745762711864406779661016949152542372881355932203389823
75254237288135593220338983050847457627118644067796610169484
75423728813559322033898305084745762711864406779661016949145
75593220338983050847457627118644067796610169491525423728806
75762711864406779661016949152542372881355932203389830508467
75932203389830508474576271186440677966101694915254237288128
76101694915254237288135593220338983050847457627118644067789
76271186440677966101694915254237288135593220338983050847450
76440677966101694915254237288135593220338983050847457627111
76610169491525423728813559322033898305084745762711864406772
76779661016949152542372881355932203389830508474576271186433
76949152542372881355932203389830508474576271186440677966094
77118644067796610169491525423728813559322033898305084745755
77288135593220338983050847457627118644067796610169491525416
77457627118644067796610169491525423728813559322033898305077
77627118644067796610169491525423728813559322033898305084738
77796610169491525423728813559322033898305084745762711864399
77966101694915254237288135593220338983050847457627118644060
78135593220338983050847457627118644067796610169491525423721
78305084745762711864406779661016949152542372881355932203382
78474576271186440677966101694915254237288135593220338983043
78644067796610169491525423728813559322033898305084745762704
78813559322033898305084745762711864406779661016949152542365
78983050847457627118644067796610169491525423728813559322026
79152542372881355932203389830508474576271186440677966101687
79322033898305084745762711864406779661016949152542372881348
79491525423728813559322033898305084745762711864406779661009
79661016949152542372881355932203389830508474576271186440670
79830508474576271186440677966101694915254237288135593220331
79999999999999999999999999999999999999999999999999999999992
80169491525423728813559322033898305084745762711864406779653
80338983050847457627118644067796610169491525423728813559314
80508474576271186440677966101694915254237288135593220338975
80677966101694915254237288135593220338983050847457627118636
80847457627118644067796610169491525423728813559322033898297
81016949152542372881355932203389830508474576271186440677958
81186440677966101694915254237288135593220338983050847457619
81355932203389830508474576271186440677966101694915254237280
81525423728813559322033898305084745762711864406779661016941
81694915254237288135593220338983050847457627118644067796602
81864406779661016949152542372881355932203389830508474576263
82033898305084745762711864406779661016949152542372881355924
82203389830508474576271186440677966101694915254237288135585
82372881355932203389830508474576271186440677966101694915246
82542372881355932203389830508474576271186440677966101694907
82711864406779661016949152542372881355932203389830508474568
82881355932203389830508474576271186440677966101694915254229
83050847457627118644067796610169491525423728813559322033890
83220338983050847457627118644067796610169491525423728813551
83389830508474576271186440677966101694915254237288135593212
83559322033898305084745762711864406779661016949152542372873
83728813559322033898305084745762711864406779661016949152534
83898305084745762711864406779661016949152542372881355932195
84067796610169491525423728813559322033898305084745762711856
84237288135593220338983050847457627118644067796610169491517
84406779661016949152542372881355932203389830508474576271178
84576271186440677966101694915254237288135593220338983050839
84745762711864406779661016949152542372881355932203389830500
84915254237288135593220338983050847457627118644067796610161
85084745762711864406779661016949152542372881355932203389822
85254237288135593220338983050847457627118644067796610169483
85423728813559322033898305084745762711864406779661016949144
85593220338983050847457627118644067796610169491525423728805
85762711864406779661016949152542372881355932203389830508466
85932203389830508474576271186440677966101694915254237288127
86101694915254237288135593220338983050847457627118644067788
86271186440677966101694915254237288135593220338983050847449
86440677966101694915254237288135593220338983050847457627110
86610169491525423728813559322033898305084745762711864406771
86779661016949152542372881355932203389830508474576271186432
86949152542372881355932203389830508474576271186440677966093
87118644067796610169491525423728813559322033898305084745754
87288135593220338983050847457627118644067796610169491525415
87457627118644067796610169491525423728813559322033898305076
87627118644067796610169491525423728813559322033898305084737
87796610169491525423728813559322033898305084745762711864398
87966101694915254237288135593220338983050847457627118644059
88135593220338983050847457627118644067796610169491525423720
88305084745762711864406779661016949152542372881355932203381
88474576271186440677966101694915254237288135593220338983042
88644067796610169491525423728813559322033898305084745762703
88813559322033898305084745762711864406779661016949152542364
88983050847457627118644067796610169491525423728813559322025
89152542372881355932203389830508474576271186440677966101686
89322033898305084745762711864406779661016949152542372881347
89491525423728813559322033898305084745762711864406779661008
89661016949152542372881355932203389830508474576271186440669
89830508474576271186440677966101694915254237288135593220330
89999999999999999999999999999999999999999999999999999999991
90169491525423728813559322033898305084745762711864406779652
90338983050847457627118644067796610169491525423728813559313
90508474576271186440677966101694915254237288135593220338974
90677966101694915254237288135593220338983050847457627118635
90847457627118644067796610169491525423728813559322033898296
91016949152542372881355932203389830508474576271186440677957
91186440677966101694915254237288135593220338983050847457618
91355932203389830508474576271186440677966101694915254237279
91525423728813559322033898305084745762711864406779661016940
91694915254237288135593220338983050847457627118644067796601
91864406779661016949152542372881355932203389830508474576262
92033898305084745762711864406779661016949152542372881355923
92203389830508474576271186440677966101694915254237288135584
92372881355932203389830508474576271186440677966101694915245
92542372881355932203389830508474576271186440677966101694906
92711864406779661016949152542372881355932203389830508474567
92881355932203389830508474576271186440677966101694915254228
93050847457627118644067796610169491525423728813559322033889
93220338983050847457627118644067796610169491525423728813550
93389830508474576271186440677966101694915254237288135593211
93559322033898305084745762711864406779661016949152542372872
93728813559322033898305084745762711864406779661016949152533
93898305084745762711864406779661016949152542372881355932194
94067796610169491525423728813559322033898305084745762711855
94237288135593220338983050847457627118644067796610169491516
94406779661016949152542372881355932203389830508474576271177
94576271186440677966101694915254237288135593220338983050838
94745762711864406779661016949152542372881355932203389830499
94915254237288135593220338983050847457627118644067796610160
95084745762711864406779661016949152542372881355932203389821
95254237288135593220338983050847457627118644067796610169482
95423728813559322033898305084745762711864406779661016949143
95593220338983050847457627118644067796610169491525423728804
95762711864406779661016949152542372881355932203389830508465
95932203389830508474576271186440677966101694915254237288126
96101694915254237288135593220338983050847457627118644067787
96271186440677966101694915254237288135593220338983050847448
96440677966101694915254237288135593220338983050847457627109
96610169491525423728813559322033898305084745762711864406770
96779661016949152542372881355932203389830508474576271186431
96949152542372881355932203389830508474576271186440677966092
97118644067796610169491525423728813559322033898305084745753
97288135593220338983050847457627118644067796610169491525414
97457627118644067796610169491525423728813559322033898305075
97627118644067796610169491525423728813559322033898305084736
97796610169491525423728813559322033898305084745762711864397
97966101694915254237288135593220338983050847457627118644058
98135593220338983050847457627118644067796610169491525423719
98305084745762711864406779661016949152542372881355932203380
98474576271186440677966101694915254237288135593220338983041
98644067796610169491525423728813559322033898305084745762702
98813559322033898305084745762711864406779661016949152542363
98983050847457627118644067796610169491525423728813559322024
99152542372881355932203389830508474576271186440677966101685
99322033898305084745762711864406779661016949152542372881346
99491525423728813559322033898305084745762711864406779661007
99661016949152542372881355932203389830508474576271186440668
99830508474576271186440677966101694915254237288135593220329
99999999999999999999999999999999999999999999999999999999990
100169491525423728813559322033898305084745762711864406779651
100338983050847457627118644067796610169491525423728813559312
100508474576271186440677966101694915254237288135593220338973
100677966101694915254237288135593220338983050847457627118634
100847457627118644067796610169491525423728813559322033898295
101016949152542372881355932203389830508474576271186440677956
101186440677966101694915254237288135593220338983050847457617
101355932203389830508474576271186440677966101694915254237278
101525423728813559322033898305084745762711864406779661016939
101694915254237288135593220338983050847457627118644067796600
101864406779661016949152542372881355932203389830508474576261
102033898305084745762711864406779661016949152542372881355922
102203389830508474576271186440677966101694915254237288135583
102372881355932203389830508474576271186440677966101694915244
102542372881355932203389830508474576271186440677966101694905
102711864406779661016949152542372881355932203389830508474566
102881355932203389830508474576271186440677966101694915254227
103050847457627118644067796610169491525423728813559322033888
103220338983050847457627118644067796610169491525423728813549
103389830508474576271186440677966101694915254237288135593210
103559322033898305084745762711864406779661016949152542372871
103728813559322033898305084745762711864406779661016949152532
103898305084745762711864406779661016949152542372881355932193
104067796610169491525423728813559322033898305084745762711854
104237288135593220338983050847457627118644067796610169491515
104406779661016949152542372881355932203389830508474576271176
104576271186440677966101694915254237288135593220338983050837
104745762711864406779661016949152542372881355932203389830498
104915254237288135593220338983050847457627118644067796610159
105084745762711864406779661016949152542372881355932203389820
105254237288135593220338983050847457627118644067796610169481
105423728813559322033898305084745762711864406779661016949142
105593220338983050847457627118644067796610169491525423728803
105762711864406779661016949152542372881355932203389830508464
105932203389830508474576271186440677966101694915254237288125
106101694915254237288135593220338983050847457627118644067786
106271186440677966101694915254237288135593220338983050847447
106440677966101694915254237288135593220338983050847457627108
106610169491525423728813559322033898305084745762711864406769
106779661016949152542372881355932203389830508474576271186430
106949152542372881355932203389830508474576271186440677966091
107118644067796610169491525423728813559322033898305084745752
107288135593220338983050847457627118644067796610169491525413
107457627118644067796610169491525423728813559322033898305074
107627118644067796610169491525423728813559322033898305084735
107796610169491525423728813559322033898305084745762711864396
107966101694915254237288135593220338983050847457627118644057
108135593220338983050847457627118644067796610169491525423718
108305084745762711864406779661016949152542372881355932203379
108474576271186440677966101694915254237288135593220338983040
108644067796610169491525423728813559322033898305084745762701
108813559322033898305084745762711864406779661016949152542362
108983050847457627118644067796610169491525423728813559322023
109152542372881355932203389830508474576271186440677966101684
109322033898305084745762711864406779661016949152542372881345
109491525423728813559322033898305084745762711864406779661006
109661016949152542372881355932203389830508474576271186440667
109830508474576271186440677966101694915254237288135593220328
109999999999999999999999999999999999999999999999999999999989
110169491525423728813559322033898305084745762711864406779650
110338983050847457627118644067796610169491525423728813559311
110508474576271186440677966101694915254237288135593220338972
110677966101694915254237288135593220338983050847457627118633
110847457627118644067796610169491525423728813559322033898294
111016949152542372881355932203389830508474576271186440677955
111186440677966101694915254237288135593220338983050847457616
111355932203389830508474576271186440677966101694915254237277
111525423728813559322033898305084745762711864406779661016938
111694915254237288135593220338983050847457627118644067796599
111864406779661016949152542372881355932203389830508474576260
112033898305084745762711864406779661016949152542372881355921
112203389830508474576271186440677966101694915254237288135582
112372881355932203389830508474576271186440677966101694915243
112542372881355932203389830508474576271186440677966101694904
112711864406779661016949152542372881355932203389830508474565
112881355932203389830508474576271186440677966101694915254226
113050847457627118644067796610169491525423728813559322033887
113220338983050847457627118644067796610169491525423728813548
113389830508474576271186440677966101694915254237288135593209
113559322033898305084745762711864406779661016949152542372870
113728813559322033898305084745762711864406779661016949152531
113898305084745762711864406779661016949152542372881355932192
114067796610169491525423728813559322033898305084745762711853
114237288135593220338983050847457627118644067796610169491514
114406779661016949152542372881355932203389830508474576271175
114576271186440677966101694915254237288135593220338983050836
114745762711864406779661016949152542372881355932203389830497
114915254237288135593220338983050847457627118644067796610158
115084745762711864406779661016949152542372881355932203389819
115254237288135593220338983050847457627118644067796610169480
115423728813559322033898305084745762711864406779661016949141
115593220338983050847457627118644067796610169491525423728802
115762711864406779661016949152542372881355932203389830508463
115932203389830508474576271186440677966101694915254237288124
116101694915254237288135593220338983050847457627118644067785
116271186440677966101694915254237288135593220338983050847446
116440677966101694915254237288135593220338983050847457627107
116610169491525423728813559322033898305084745762711864406768
116779661016949152542372881355932203389830508474576271186429
116949152542372881355932203389830508474576271186440677966090
117118644067796610169491525423728813559322033898305084745751
117288135593220338983050847457627118644067796610169491525412
117457627118644067796610169491525423728813559322033898305073
117627118644067796610169491525423728813559322033898305084734
117796610169491525423728813559322033898305084745762711864395
117966101694915254237288135593220338983050847457627118644056
118135593220338983050847457627118644067796610169491525423717
118305084745762711864406779661016949152542372881355932203378
118474576271186440677966101694915254237288135593220338983039
118644067796610169491525423728813559322033898305084745762700
118813559322033898305084745762711864406779661016949152542361
118983050847457627118644067796610169491525423728813559322022
119152542372881355932203389830508474576271186440677966101683
119322033898305084745762711864406779661016949152542372881344
119491525423728813559322033898305084745762711864406779661005
119661016949152542372881355932203389830508474576271186440666
119830508474576271186440677966101694915254237288135593220327
119999999999999999999999999999999999999999999999999999999988
120169491525423728813559322033898305084745762711864406779649
120338983050847457627118644067796610169491525423728813559310
120508474576271186440677966101694915254237288135593220338971
120677966101694915254237288135593220338983050847457627118632
120847457627118644067796610169491525423728813559322033898293
121016949152542372881355932203389830508474576271186440677954
121186440677966101694915254237288135593220338983050847457615
121355932203389830508474576271186440677966101694915254237276
121525423728813559322033898305084745762711864406779661016937
121694915254237288135593220338983050847457627118644067796598
121864406779661016949152542372881355932203389830508474576259
122033898305084745762711864406779661016949152542372881355920
122203389830508474576271186440677966101694915254237288135581
122372881355932203389830508474576271186440677966101694915242
122542372881355932203389830508474576271186440677966101694903
122711864406779661016949152542372881355932203389830508474564
122881355932203389830508474576271186440677966101694915254225
123050847457627118644067796610169491525423728813559322033886
123220338983050847457627118644067796610169491525423728813547
123389830508474576271186440677966101694915254237288135593208
123559322033898305084745762711864406779661016949152542372869
123728813559322033898305084745762711864406779661016949152530
123898305084745762711864406779661016949152542372881355932191
124067796610169491525423728813559322033898305084745762711852
124237288135593220338983050847457627118644067796610169491513
124406779661016949152542372881355932203389830508474576271174
124576271186440677966101694915254237288135593220338983050835
124745762711864406779661016949152542372881355932203389830496
124915254237288135593220338983050847457627118644067796610157
125084745762711864406779661016949152542372881355932203389818
125254237288135593220338983050847457627118644067796610169479
125423728813559322033898305084745762711864406779661016949140
125593220338983050847457627118644067796610169491525423728801
125762711864406779661016949152542372881355932203389830508462
125932203389830508474576271186440677966101694915254237288123
126101694915254237288135593220338983050847457627118644067784
126271186440677966101694915254237288135593220338983050847445
126440677966101694915254237288135593220338983050847457627106
126610169491525423728813559322033898305084745762711864406767
126779661016949152542372881355932203389830508474576271186428
126949152542372881355932203389830508474576271186440677966089
127118644067796610169491525423728813559322033898305084745750
127288135593220338983050847457627118644067796610169491525411
127457627118644067796610169491525423728813559322033898305072
127627118644067796610169491525423728813559322033898305084733
127796610169491525423728813559322033898305084745762711864394
127966101694915254237288135593220338983050847457627118644055
128135593220338983050847457627118644067796610169491525423716
128305084745762711864406779661016949152542372881355932203377
128474576271186440677966101694915254237288135593220338983038
128644067796610169491525423728813559322033898305084745762699
128813559322033898305084745762711864406779661016949152542360
128983050847457627118644067796610169491525423728813559322021
129152542372881355932203389830508474576271186440677966101682
129322033898305084745762711864406779661016949152542372881343
129491525423728813559322033898305084745762711864406779661004
129661016949152542372881355932203389830508474576271186440665
129830508474576271186440677966101694915254237288135593220326
129999999999999999999999999999999999999999999999999999999987
130169491525423728813559322033898305084745762711864406779648
130338983050847457627118644067796610169491525423728813559309
130508474576271186440677966101694915254237288135593220338970
130677966101694915254237288135593220338983050847457627118631
130847457627118644067796610169491525423728813559322033898292
131016949152542372881355932203389830508474576271186440677953
131186440677966101694915254237288135593220338983050847457614
131355932203389830508474576271186440677966101694915254237275
131525423728813559322033898305084745762711864406779661016936
131694915254237288135593220338983050847457627118644067796597
131864406779661016949152542372881355932203389830508474576258
132033898305084745762711864406779661016949152542372881355919
132203389830508474576271186440677966101694915254237288135580
132372881355932203389830508474576271186440677966101694915241
132542372881355932203389830508474576271186440677966101694902
132711864406779661016949152542372881355932203389830508474563
132881355932203389830508474576271186440677966101694915254224
133050847457627118644067796610169491525423728813559322033885
133220338983050847457627118644067796610169491525423728813546
133389830508474576271186440677966101694915254237288135593207
133559322033898305084745762711864406779661016949152542372868
133728813559322033898305084745762711864406779661016949152529
133898305084745762711864406779661016949152542372881355932190
134067796610169491525423728813559322033898305084745762711851
134237288135593220338983050847457627118644067796610169491512
134406779661016949152542372881355932203389830508474576271173
134576271186440677966101694915254237288135593220338983050834
134745762711864406779661016949152542372881355932203389830495
134915254237288135593220338983050847457627118644067796610156
135084745762711864406779661016949152542372881355932203389817
135254237288135593220338983050847457627118644067796610169478
135423728813559322033898305084745762711864406779661016949139
135593220338983050847457627118644067796610169491525423728800
135762711864406779661016949152542372881355932203389830508461
135932203389830508474576271186440677966101694915254237288122
136101694915254237288135593220338983050847457627118644067783
136271186440677966101694915254237288135593220338983050847444
136440677966101694915254237288135593220338983050847457627105
136610169491525423728813559322033898305084745762711864406766
136779661016949152542372881355932203389830508474576271186427
136949152542372881355932203389830508474576271186440677966088
137118644067796610169491525423728813559322033898305084745749
137288135593220338983050847457627118644067796610169491525410
137457627118644067796610169491525423728813559322033898305071
137627118644067796610169491525423728813559322033898305084732
137796610169491525423728813559322033898305084745762711864393
137966101694915254237288135593220338983050847457627118644054
138135593220338983050847457627118644067796610169491525423715
138305084745762711864406779661016949152542372881355932203376
138474576271186440677966101694915254237288135593220338983037
138644067796610169491525423728813559322033898305084745762698
138813559322033898305084745762711864406779661016949152542359
138983050847457627118644067796610169491525423728813559322020
139152542372881355932203389830508474576271186440677966101681
139322033898305084745762711864406779661016949152542372881342
139491525423728813559322033898305084745762711864406779661003
139661016949152542372881355932203389830508474576271186440664
139830508474576271186440677966101694915254237288135593220325
139999999999999999999999999999999999999999999999999999999986
140169491525423728813559322033898305084745762711864406779647
140338983050847457627118644067796610169491525423728813559308
140508474576271186440677966101694915254237288135593220338969
140677966101694915254237288135593220338983050847457627118630
140847457627118644067796610169491525423728813559322033898291
141016949152542372881355932203389830508474576271186440677952
141186440677966101694915254237288135593220338983050847457613
141355932203389830508474576271186440677966101694915254237274
141525423728813559322033898305084745762711864406779661016935
141694915254237288135593220338983050847457627118644067796596
141864406779661016949152542372881355932203389830508474576257
142033898305084745762711864406779661016949152542372881355918
142203389830508474576271186440677966101694915254237288135579
142372881355932203389830508474576271186440677966101694915240
142542372881355932203389830508474576271186440677966101694901
142711864406779661016949152542372881355932203389830508474562
142881355932203389830508474576271186440677966101694915254223
143050847457627118644067796610169491525423728813559322033884
143220338983050847457627118644067796610169491525423728813545
143389830508474576271186440677966101694915254237288135593206
143559322033898305084745762711864406779661016949152542372867
143728813559322033898305084745762711864406779661016949152528
143898305084745762711864406779661016949152542372881355932189
144067796610169491525423728813559322033898305084745762711850
144237288135593220338983050847457627118644067796610169491511
144406779661016949152542372881355932203389830508474576271172
144576271186440677966101694915254237288135593220338983050833
144745762711864406779661016949152542372881355932203389830494
144915254237288135593220338983050847457627118644067796610155
145084745762711864406779661016949152542372881355932203389816
145254237288135593220338983050847457627118644067796610169477
145423728813559322033898305084745762711864406779661016949138
145593220338983050847457627118644067796610169491525423728799
145762711864406779661016949152542372881355932203389830508460
145932203389830508474576271186440677966101694915254237288121
146101694915254237288135593220338983050847457627118644067782
146271186440677966101694915254237288135593220338983050847443
146440677966101694915254237288135593220338983050847457627104
146610169491525423728813559322033898305084745762711864406765
146779661016949152542372881355932203389830508474576271186426
146949152542372881355932203389830508474576271186440677966087
147118644067796610169491525423728813559322033898305084745748
147288135593220338983050847457627118644067796610169491525409
147457627118644067796610169491525423728813559322033898305070
147627118644067796610169491525423728813559322033898305084731
147796610169491525423728813559322033898305084745762711864392
147966101694915254237288135593220338983050847457627118644053
148135593220338983050847457627118644067796610169491525423714
148305084745762711864406779661016949152542372881355932203375
148474576271186440677966101694915254237288135593220338983036
148644067796610169491525423728813559322033898305084745762697
148813559322033898305084745762711864406779661016949152542358
148983050847457627118644067796610169491525423728813559322019
149152542372881355932203389830508474576271186440677966101680
149322033898305084745762711864406779661016949152542372881341
149491525423728813559322033898305084745762711864406779661002
149661016949152542372881355932203389830508474576271186440663
149830508474576271186440677966101694915254237288135593220324
149999999999999999999999999999999999999999999999999999999985
150169491525423728813559322033898305084745762711864406779646
150338983050847457627118644067796610169491525423728813559307
150508474576271186440677966101694915254237288135593220338968
150677966101694915254237288135593220338983050847457627118629
150847457627118644067796610169491525423728813559322033898290
151016949152542372881355932203389830508474576271186440677951
151186440677966101694915254237288135593220338983050847457612
151355932203389830508474576271186440677966101694915254237273
151525423728813559322033898305084745762711864406779661016934
151694915254237288135593220338983050847457627118644067796595
151864406779661016949152542372881355932203389830508474576256
152033898305084745762711864406779661016949152542372881355917
152203389830508474576271186440677966101694915254237288135578
152372881355932203389830508474576271186440677966101694915239
152542372881355932203389830508474576271186440677966101694900
152711864406779661016949152542372881355932203389830508474561
152881355932203389830508474576271186440677966101694915254222
153050847457627118644067796610169491525423728813559322033883
153220338983050847457627118644067796610169491525423728813544
153389830508474576271186440677966101694915254237288135593205
153559322033898305084745762711864406779661016949152542372866
153728813559322033898305084745762711864406779661016949152527
153898305084745762711864406779661016949152542372881355932188
154067796610169491525423728813559322033898305084745762711849
154237288135593220338983050847457627118644067796610169491510
154406779661016949152542372881355932203389830508474576271171
154576271186440677966101694915254237288135593220338983050832
154745762711864406779661016949152542372881355932203389830493
154915254237288135593220338983050847457627118644067796610154
155084745762711864406779661016949152542372881355932203389815
155254237288135593220338983050847457627118644067796610169476
155423728813559322033898305084745762711864406779661016949137
155593220338983050847457627118644067796610169491525423728798
155762711864406779661016949152542372881355932203389830508459
155932203389830508474576271186440677966101694915254237288120
156101694915254237288135593220338983050847457627118644067781
156271186440677966101694915254237288135593220338983050847442
156440677966101694915254237288135593220338983050847457627103
156610169491525423728813559322033898305084745762711864406764
156779661016949152542372881355932203389830508474576271186425
156949152542372881355932203389830508474576271186440677966086
157118644067796610169491525423728813559322033898305084745747
157288135593220338983050847457627118644067796610169491525408
157457627118644067796610169491525423728813559322033898305069
157627118644067796610169491525423728813559322033898305084730
157796610169491525423728813559322033898305084745762711864391
157966101694915254237288135593220338983050847457627118644052
158135593220338983050847457627118644067796610169491525423713
158305084745762711864406779661016949152542372881355932203374
158474576271186440677966101694915254237288135593220338983035
158644067796610169491525423728813559322033898305084745762696
158813559322033898305084745762711864406779661016949152542357
158983050847457627118644067796610169491525423728813559322018
159152542372881355932203389830508474576271186440677966101679
159322033898305084745762711864406779661016949152542372881340
159491525423728813559322033898305084745762711864406779661001
159661016949152542372881355932203389830508474576271186440662
159830508474576271186440677966101694915254237288135593220323
159999999999999999999999999999999999999999999999999999999984
160169491525423728813559322033898305084745762711864406779645
160338983050847457627118644067796610169491525423728813559306
160508474576271186440677966101694915254237288135593220338967
160677966101694915254237288135593220338983050847457627118628
160847457627118644067796610169491525423728813559322033898289
161016949152542372881355932203389830508474576271186440677950
161186440677966101694915254237288135593220338983050847457611
161355932203389830508474576271186440677966101694915254237272
161525423728813559322033898305084745762711864406779661016933
161694915254237288135593220338983050847457627118644067796594
161864406779661016949152542372881355932203389830508474576255
162033898305084745762711864406779661016949152542372881355916
162203389830508474576271186440677966101694915254237288135577
162372881355932203389830508474576271186440677966101694915238
162542372881355932203389830508474576271186440677966101694899
162711864406779661016949152542372881355932203389830508474560
162881355932203389830508474576271186440677966101694915254221
163050847457627118644067796610169491525423728813559322033882
163220338983050847457627118644067796610169491525423728813543
163389830508474576271186440677966101694915254237288135593204
163559322033898305084745762711864406779661016949152542372865
163728813559322033898305084745762711864406779661016949152526
163898305084745762711864406779661016949152542372881355932187
164067796610169491525423728813559322033898305084745762711848
164237288135593220338983050847457627118644067796610169491509
164406779661016949152542372881355932203389830508474576271170
164576271186440677966101694915254237288135593220338983050831
164745762711864406779661016949152542372881355932203389830492
164915254237288135593220338983050847457627118644067796610153
165084745762711864406779661016949152542372881355932203389814
165254237288135593220338983050847457627118644067796610169475
165423728813559322033898305084745762711864406779661016949136
165593220338983050847457627118644067796610169491525423728797
165762711864406779661016949152542372881355932203389830508458
165932203389830508474576271186440677966101694915254237288119
166101694915254237288135593220338983050847457627118644067780
166271186440677966101694915254237288135593220338983050847441
166440677966101694915254237288135593220338983050847457627102
166610169491525423728813559322033898305084745762711864406763
166779661016949152542372881355932203389830508474576271186424
166949152542372881355932203389830508474576271186440677966085
167118644067796610169491525423728813559322033898305084745746
167288135593220338983050847457627118644067796610169491525407
167457627118644067796610169491525423728813559322033898305068
167627118644067796610169491525423728813559322033898305084729
167796610169491525423728813559322033898305084745762711864390
167966101694915254237288135593220338983050847457627118644051
168135593220338983050847457627118644067796610169491525423712
168305084745762711864406779661016949152542372881355932203373
168474576271186440677966101694915254237288135593220338983034
168644067796610169491525423728813559322033898305084745762695
168813559322033898305084745762711864406779661016949152542356
168983050847457627118644067796610169491525423728813559322017
169152542372881355932203389830508474576271186440677966101678
169322033898305084745762711864406779661016949152542372881339
169491525423728813559322033898305084745762711864406779661000
