1012001 12
1001120 12
1112220 11
1112211 11
1100111 11
2002010 11
1001212 11
101201 11
0 11
0 11
0 11
1100212 10
1120012 10
1122001 10
1121211 10
1021010 10
2000102 10
2012211 10
0 10
0 10
2000111 10
101210 10
1000222 10
1022002 10
1001010 10
1021210 10
1022011 10
1100122 10
1102001 10
1000121 10
101012 10
0 10
0 10
1000112 10
0 10
0 10
0 10
0 10
0 10
0 10
0 10
0 10
102121 10
0 9
1122212 9
1120001 9
1100210 9
0 9
2000212 9
2022001 9
102020 9
2001011 9
2021211 9
0 9
1022200 9
1022110 9
10121 9
100022 9
102002 9
101010 9
1022222 9
1100012 9
1110211 9
1022220 9
1110202 9
0 9
1012100 9
10101 9
101111 9
222111 9
1022 9
1001012 9
0 9
0 9
2020012 9
0 9
0 9
0 9
0 9
0 9
0 9
0 9
0 9
0 9
0 9
0 9
0 9
0 9
0 9
0 9
0 9
0 9
0 9
0 9
0 9
0 9
0 9
0 9
0 9
0 9
0 9
102200 9
0 9
0 9
0 9
0 9
0 9
0 9
0 9
0 9
0 9
0 9
0 9
0 9
0 8
102220 9
0 8
0 8
0 8
1121000 8
1212001 8
1122210 8
0 9
111222 8
2000120 8
0 9
2102220 8
0 10
2020001 8
0 8
1100120 8
1120010 8
0 9
120110 8
0 8
11012 8
10220 8
1111100 8
1002011 8
1111001 8
0 8
0 8
1021201 8
0 10
102101 8
0 9
1000101 8
1122201 8
1122111 8
1001111 8
0 8
0 8
0 8
2012220 10
0 8
0 8
0 8
0 8
0 8
0 8
0 8
0 8
0 8
0 8
212011 8
0 8
0 8
0 8
0 8
1120100 8
0 8
0 8
0 8
0 8
0 8
0 8
0 8
0 8
0 8
0 8
0 8
0 8
0 8
0 8
0 8
0 8
0 8
0 8
0 8
0 8
0 8
0 8
0 8
0 8
0 8
0 8
0 8
0 8
0 8
0 8
0 8
0 8
0 8
0 8
0 8
0 8
0 8
0 8
0 8
0 8
0 8
0 8
0 8
0 8
0 8
0 8
0 8
2102211 8
0 8
0 8
0 8
0 8
0 8
0 8
0 8
0 8
0 8
0 8
102222 8
0 8
0 8
0 8
0 8
1200202 8
0 8
1020000 10
0 8
0 8
0 8
0 8
112010 8
0 8
0 8
0 8
0 8
0 8
0 8
0 8
110212 8
0 8
0 8
0 8
0 8
0 8
0 8
0 8
0 8
0 8
1102210 9
0 8
0 8
0 8
200111 8
0 8
0 8
0 8
0 8
0 8
0 8
0 8
0 8
0 8
0 8
1010001 8
0 8
0 8
0 8
0 8
0 8
0 8
0 8
0 8
0 8
1010100 8
0 8
0 8
0 8
110010 8
0 8
0 8
0 8
0 8
0 8
0 8
0 8
0 8
0 8
0 8
0 8
0 8
0 8
0 8
0 8
1210012 8
0 8
0 8
0 8
0 8
0 8
0 8
0 8
0 8
0 8
111002 9
0 8
0 8
0 8
0 8
0 8
0 8
0 8
0 8
0 8
0 8
0 8
0 8
0 8
0 8
0 8
0 8
0 8
0 8
112120 8
0 8
0 8
0 7
0 7
0 7
20120 7
0 7
0 7
110012 8
0 7
0 7
0 7
0 7
1000220 7
0 8
1200200 7
1002002 7
1200002 7
100020 7
0 8
112212 7
110111 10
0 7
0 7
0 7
0 7
0 7
0 8
201110 7
2021000 7
1222200 7
0 8
112122 7
2100202 7
0 8
2110012 7
2112001 7
0 11
121120 7
2001002 7
2022210 7
2100110 7
100200 7
0 8
202010 7
1000200 7
1122120 7
1121011 7
1122100 7
0 7
212110 7
1001210 7
0 9
1200110 7
0 7
0 7
11111 7
1221111 7
0 9
1222011 7
0 10
2021011 7
2022100 7
0 7
0 7
0 7
0 7
0 7
0 6
0 10
220100 6
0 6
20001 4
0 7
0 6
0 6
0 6
212211 6
1212212 7
0 6
0 7
0 6
0 6
0 6
0 6
0 6
0 6
0 6
0 9
2222001 3
0 6
21011 3
0 6
2101001 4
2100211 6
0 6
22221 2
100220 6
0 6
0 6
0 6
1000020 7
0 6
0 5
0 6
0 6
221110 8
0 6
0 8
102202 6
0 6
0 6
11201 5
0 6
0 5
0 12
10000112 6
0 5
221000 6
0 6
0 6
1012212 11
0 6
0 6
0 6
221220 6
0 7
0 6
2201 4
0 6
0 6
0 6
212222 4
0 6
221222 4
0 7
0 6
10200 6
0 5
0 6
0 6
0 7
1110020 12
0 6
0 6
0 6
12222 6
0 6
0 6
0 6
0 6
12220 4
0 6
0 10
10001010 1
0 6
0 6
12200 6
0 7
0 6
0 6
0 6
21020 7
0 6
0 6
0 6
0 8
120011 5
0 6
0 4
0 6
12202 5
0 7
0 6
1110011 8
0 6
0 6
1020020 10
0 6
0 5
0 6
0 6
10000 4
0 6
0 6
0 6
0 8
1201001 7
1211 5
0 5
0 7
0 5
0 5
22010 5
0 7
221200 5
0 7
0 5
0 7
0 6
2001200 5
0 9
2000010 5
1222000 5
0 7
0 10
2000100 5
0 6
0 6
2122200 5
2122110 5
0 6
0 7
0 6
2100222 5
0 6
1221001 5
212200 5
0 6
0 6
0 5
0 8
1222220 5
1222211 5
0 5
0 7
0 6
212020 5
0 7
0 9
121201 5
0 5
0 8
2002210 5
0 6
2210020 5
210211 5
0 6
0 6
2122211 5
1221100 5
0 6
0 10
121221 5
0 7
2100121 5
0 5
0 7
2002111 5
0 6
211201 5
0 6
0 6
2111 5
0 8
210011 5
0 6
0 6
2001101 5
2121100 5
0 6
20100 5
0 7
20201 5
0 7
0 5
0 5
0 5
1110 5
1001100 5
0 6
1001001 5
222120 5
0 6
0 6
12011 6
0 7
0 6
222210 5
0 5
0 5
0 6
1011000 5
0 5
222201 5
0 6
0 5
0 5
0 8
200010 6
0 5
0 5
0 5
0 5
10202 5
0 7
0 9
102211 5
0 6
0 5
0 5
0 5
0 5
20021 3
0 6
110210 8
0 7
1002 5
0 8
10002020 4
0 5
0 5
21211 5
0 5
0 6
0 5
0 6
220201 5
0 6
0 5
222221 2
0 7
0 7
120000 5
0 6
0 6
110100 5
1102100 10
0 7
1222101 5
0 5
0 7
0 5
0 8
120101 5
0 5
0 8
200021 4
2212 5
0 8
122110 5
0 6
12110 5
0 7
0 7
2001110 5
0 6
10211 5
0 7
2120 6
0 6
2121010 7
1200 5
2012 5
0 6
10010100 4
0 9
10001100 5
12 4
0 6
0 6
2011001 4
21 4
0 5
0 5
0 8
2212110 4
0 8
202100 4
2100 4
0 4
200210 6
0 7
0 9
220001 4
0 6
0 5
12000 5
0 6
0 7
0 5
0 6
0 4
0 7
0 9
2212000 4
0 4
1220 4
0 4
212121 4
0 5
212002 5
0 5
1022202 2
11221 5
0 6
0 4
0 7
0 6
0 5
0 7
12121 4
0 7
1000 4
0 10
10001001 5
0 4
0 7
2011100 4
0 8
2212101 4
221 2
120022 6
0 6
0 5
0 11
10000202 2
1121 4
2122002 5
0 6
0 5
0 7
0 5
0 7
100011 4
0 6
0 7
0 5
0 8
1000000 4
2122 3
0 7
200221 3
0 7
0 6
222122 3
2021 3
0 5
122222 5
0 7
0 6
0 7
2001 4
222021 3
0 6
0 6
0 5
0 8
2200221 3
0 5
0 8
2221011 3
0 7
0 5
0 8
2220021 3
0 7
0 6
111 3
21220 5
0 5
0 5
1001221 4
0 6
0 7
2002100 4
0 7
2111000 4
0 6
2221101 3
212 2
0 8
10002000 6
0 8
10000000 3
0 6
0 9
2110001 4
1022211 2
222100 3
111200 9
0 7
0 7
0 6
22101010 0
0 7
0 7
2000210 4
0 5
210 5
0 8
2222221 2
100 4
0 6
10021100 3
20012 3
0 7
0 5
0 4
100202 2
0 7
2002001 4
1101000 1
0 6
100000 3
0 7
0 5
0 5
1000211 2
0 6
0 5
2101100 4
0 5
21222 6
1100010 1
0 7
10022211 2
21200 4
0 5
10020 5
2200201 5
0 6
0 4
112221 6
0 7
0 8
10022110 3
0 7
1021001 3
0 6
0 7
0 8
2200010 4
0 7
0 6
220021 3
0 6
0 6
0 8
10100201 2
22120 3
0 6
1002112 3
0 6
0 6
22212 2
2220100 5
0 7
0 9
2122222 4
221011 3
0 7
100211 2
0 6
0 11
10000211 2
2120011 5
0 6
0 6
0 6
0 6
1100201 2
0 3
22111 3
0 7
0 8
2201000 4
0 6
200212 5
0 7
0 6
0 7
0 11
2020100 7
0 10
2200001 4
0 6
0 4
0 12
10000110 3
0 5
1002000 6
121100 5
0 7
0 5
1211000 5
0 8
1210100 5
0 3
0 7
22021 3
0 9
1000022 4
0 4
21121 4
0 7
0 5
0 6
0 5
1000202 3
0 8
10002112 3
1101 4
0 3
0 7
21101 3
0 7
0 3
222001 3
0 7
0 7
100121 5
0 6
0 6
0 7
22001 3
0 7
0 3
0 7
0 4
0 8
1020002 3
22201 4
0 6
110021 7
0 7
0 8
2222201 4
120 3
21202 5
0 4
1000110 4
0 6
112210 7
0 7
0 4
202001 4
0 7
22100 3
0 5
0 5
0 8
200122 4
1021100 3
0 7
2200100 4
0 5
200012 7
0 7
20111 3
0 7
0 4
1022000 3
100110 3
22210 5
0 4
0 9
10022000 3
2211100 5
0 6
20212 6
0 7
0 2
0 4
1 3
101100 4
0 7
201000 4
0 5
0 6
1222 4
0 5
0 7
101001 4
2221 3
0 6
0 4
0 4
1012210 4
0 4
0 4
0 5
0 7
212000 4
0 6
0 6
12211 4
0 7
0 7
112111 11
0 7
0 5
2002122 9
0 7
0 6
1002020 4
0 7
0 6
1001201 7
11100 4
212101 4
0 6
11001 4
0 7
0 8
200100 4
0 6
0 7
2220012 3
0 4
0 9
10000022 4
1011 4
22122 5
0 4
0 8
2222100 3
0 8
2000021 4
0 6
0 8
120211 6
2122121 4
0 5
2000201 4
0 5
0 8
1000002 6
0 7
221101 4
0 6
110201 5
0 7
0 5
122101 5
0 7
0 6
0 7
2212211 4
0 5
0 8
2000012 4
0 6
0 8
2200120 4
0 5
2000122 4
0 8
2002120 4
121111 7
0 6
0 6
2210 4
0 7
2010 5
0 5
0 4
12101 4
0 7
0 7
0 5
201 4
0 8
122121 4
10020002 3
0 5
10 4
0 6
0 5
220210 6
0 8
2222120 5
102 4
0 5
211010 7
0 6
22102 4
2212220 4
0 7
0 7
0 5
2010020 11
0 6
10110 4
0 5
0 9
2000001 5
0 5
0 6
0 6
2112212 6
0 5
10011 5
0 7
100002 5
0 7
0 7
111000 4
0 5
0 7
0 6
0 4
201200 7
0 7
0 7
0 5
0 7
110001 5
0 5
20010 4
0 7
0 5
0 5
0 5
0 5
0 8
121010 7
2001000 5
0 8
122000 5
0 7
11010 5
0 6
0 6
0 6
0 5
211210 6
0 6
0 6
0 6
0 6
122220 5
0 7
0 6
0 7
200201 6
10012210 4
0 6
0 6
1010201 6
200001 4
0 7
1200000 6
0 7
0 6
212220 6
0 7
0 6
0 6
0 7
2200210 6
0 6
0 7
0 7
2220010 6
0 10
2221211 6
0 6
0 8
10002110 6
0 6
0 7
0 6
0 8
2100000 6
122 6
0 6
0 8
120200 6
0 6
0 7
120002 6
0 6
0 7
0 6
0 7
10002 6
0 6
0 6
0 6
11212 6
0 6
0 6
0 6
0 7
221002 5
0 6
222212 4
0 6
1200020 7
0 6
0 6
1221010 5
0 7
0 6
2121001 6
0 8
2010000 6
1221201 6
0 7
211100 6
0 6
211001 6
0 7
0 6
10100010 1
0 6
0 6
0 6
0 6
21000 6
0 6
0 6
0 9
121210 7
10020011 3
0 6
0 6
0 6
0 8
121001 6
0 6
122202 5
0 7
0 6
0 6
20210 6
0 7
0 7
0 8
200120 6
10021001 3
0 7
2102 6
0 6
0 6
0 6
100101 6
0 8
201101 6
0 6
0 6
0 7
0 10
1200011 6
2022111 6
2022201 6
1222121 6
0 8
1110000 6
1100001 6
0 6
1100100 6
2001211 6
1210111 6
0 9
122011 6
0 7
0 7
201011 6
0 7
0 7
2202100 6
0 8
202120 6
0 7
0 7
11120 6
0 7
0 6
0 6
11210 7
0 8
1200211 6
0 7
220111 6
0 7
0 6
1220020 6
222010 6
0 7
2121210 6
0 7
0 7
0 9
2100002 6
0 7
2001222 6
0 10
121212 6
2100200 6
1220000 5
0 7
0 9
2110100 6
1222110 6
21110 6
0 9
102110 6
0 6
120020 6
10010201 5
0 7
0 8
122002 6
100222 6
0 7
0 7
1220022 6
1020022 10
0 7
0 6
0 6
1112 6
1020 6
0 6
122200 6
0 7
0 8
112100 6
10002211 5
0 7
0 9
112001 6
0 7
0 7
0 7
1202220 9
0 7
0 7
0 7
0 7
0 7
0 7
0 7
0 7
202221 9
0 7
0 7
0 7
1102212 9
0 7
1200222 6
0 7
1102201 7
0 7
1210001 5
0 7
0 7
0 7
0 7
10010010 5
0 7
0 7
0 7
0 7
210022 5
0 7
220010 6
0 7
1002200 7
0 7
0 7
1002202 9
0 7
1002101 6
0 7
0 7
1010012 12
0 7
0 7
0 7
1201100 6
0 7
0 7
0 7
1210010 12
0 7
0 7
122211 7
0 7
0 7
0 7
12020 7
2210000 4
0 7
2120022 5
0 7
0 7
0 7
0 7
0 7
0 7
0 7
0 7
10022202 2
0 7
0 7
0 7
0 7
1202211 9
0 7
0 7
0 7
0 7
2002212 3
0 7
2200212 3
0 7
0 7
0 7
2002201 5
0 7
0 7
0 7
0 7
10011000 4
0 7
0 7
0 7
0 7
0 7
0 7
0 7
0 7
0 7
0 7
0 6
1220011 7
1200121 7
0 7
0 7
111011 7
0 7
221211 7
0 7
0 7
0 7
0 7
0 7
0 7
210000 4
0 7
0 7
10010001 5
0 7
220012 5
0 7
1002110 7
0 7
1002220 6
0 7
0 7
0 7
1200220 6
0 7
0 7
0 7
2100020 6
0 7
0 7
2222212 2
0 7
0 7
2022212 8
0 7
0 7
102000 7
0 7
100112 7
2221000 6
0 7
0 7
0 7
0 7
2222210 5
0 7
0 7
0 7
10000002 5
0 7
0 7
1002222 6
0 7
1002211 6
0 7
0 7
10000011 4
0 7
0 7
2002221 3
0 7
0 7
12002 7
0 7
0 7
0 7
0 7
0 7
0 7
0 7
0 7
0 7
2122000 7
0 7
0 7
202212 6
0 7
0 7
0 7
0 7
0 7
0 7
0 7
2002021 5
0 7
0 7
0 7
0 7
0 7
110120 9
0 7
0 7
0 7
10001221 4
0 7
0 7
0 7
0 7
0 7
0 7
210110 8
0 7
0 7
0 6
2200111 7
0 7
10000020 7
0 6
2210110 7
0 7
0 7
0 7
2120000 5
0 7
0 7
0 7
0 7
2100011 4
0 7
0 7
0 7
0 7
0 7
0 7
0 7
0 7
0 7
1000011 4
0 7
1002121 7
0 7
0 7
0 7
0 7
0 7
0 7
10002202 5
0 7
0 7
0 7
1212100 7
0 8
1200101 7
1222002 6
0 7
1221210 6
0 7
0 7
0 7
0 7
0 7
0 7
0 7
0 8
210101 7
0 7
210020 7
10022 7
21002 7
1202 7
10101000 1
0 7
0 7
0 7
0 7
0 7
1222222 5
0 7
0 7
1212111 7
-1
