0 3 -1000000000000000000 -999999999999999997 -999999999999999998 -999999999999999997 -1000000000000000000 -999999999999999997 -1000000000000000000 
0 6 3 -999999999999999997 -999999999999999995 -999999999999999995 -999999999999999997 -999999999999999994 -999999999999999997 
0 9 6 6 -999999999999999993 -999999999999999992 -999999999999999995 -999999999999999991 -999999999999999994 
0 -1000000000000000000 9 -1000000000000000000 -1000000000000000000 -1000000000000000000 -999999999999999992 -1000000000000000000 -999999999999999991 
0 3 9 12 -999999999999999998 -999999999999999997 -999999999999999992 -999999999999999989 -999999999999999991 
0 -1000000000000000000 9 -1000000000000000000 14 -1000000000000000000 -999999999999999992 -1000000000000000000 -999999999999999989 
0 -1000000000000000000 9 -1000000000000000000 16 -1000000000000000000 -999999999999999992 -1000000000000000000 -999999999999999989 
0 3 9 12 18 19 -999999999999999992 -999999999999999989 -999999999999999989 
0 -1000000000000000000 9 -1000000000000000000 -1000000000000000000 -1000000000000000000 19 -1000000000000000000 -999999999999999989 
0 3 9 12 -999999999999999998 -999999999999999997 19 22 -999999999999999989 
0 6 9 12 14 -999999999999999995 19 25 22 
0 9 9 12 16 17 19 28 25 
28
